rep_iso,year,0,1,2,3
ABW,1988,7.199829297677075e-07,0.042081775217725256,0.9579168031759973,7.016233477625104e-07
ABW,1989,0.32498059978474314,0.023802404421079653,0.24564939662091875,0.4055675991732584
ABW,1990,0.05974460480596652,0.004156148856953542,0.01734029279095108,0.9187589535461288
ABW,1991,0.019283356858541607,0.00016981173695390027,0.0038236074386872898,0.9767232239658171
ABW,1992,0.13845474068306016,0.014639810890556843,0.02713290455929883,0.8197725438670842
ABW,1993,4.845113318035964e-08,0.0021996394605166016,0.005454190620511242,0.9923461214678388
ABW,1994,0.03200030530343887,0.0017104126254166624,0.004797570595759458,0.961491711475385
ABW,1995,0.051669530819474695,0.00144278569648754,0.0012569073396649162,0.9456307761443729
ABW,1996,0.05547513611035165,0.001302338844395867,0.0026005502008017516,0.9406219748444508
ABW,1997,0.05956012224067,0.0015647956833138284,0.002188805715032008,0.9366862763609842
ABW,1998,0.1248360492869237,0.0034099116821397716,0.00914294198252522,0.8626110970484112
ABW,1999,0.1497569341393752,4.661185618131494e-05,0.004213706030612114,0.8459827479738314
ABW,2000,0.11822635998241308,2.3739780665015e-10,0.002974890160266711,0.8787987496199223
ABW,2001,0.06824306844329801,4.2695605711600165e-08,0.007387252645855848,0.9243696362152405
ABW,2002,0.20608584708344602,4.451441831517442e-10,0.09155127240240811,0.7023628800690016
ABW,2003,0.08695808435981933,1.0953216795894412e-09,0.05700721316292981,0.8560347013819292
ABW,2004,0.0977265391247729,0.0007283709907974744,0.004180009054998999,0.8973650808294307
ABW,2005,0.11946796674875615,1.9815757761664782e-05,0.03882257527167904,0.8416896422218031
ABW,2006,0.09282931129047475,0.0009477817926916024,0.016891922139788414,0.8893309847770452
ABW,2007,0.16303896050227426,0.001777166959105707,0.04138387965132444,0.7937999928872955
ABW,2008,0.030607099472219755,0.0008654493966284704,0.04257898664746808,0.9259484644836837
ABW,2009,0.04734408095346982,0.015242309356832264,0.09967253042714834,0.8377410792625496
ABW,2010,0.21722449297259683,8.493268866848218e-10,0.5909798140357289,0.1917956921423476
ABW,2011,0.22134533687390195,1.0458895133360493e-10,0.03965510410359459,0.7389995589179145
ABW,2012,0.6174407246492951,2.2668404555041344e-10,0.03935441792684664,0.3432048571971742
ABW,2013,0.05718465536714566,5.944345575875313e-10,0.23827897376269222,0.7045363702757275
ABW,2014,0.07823136676879325,6.154010649786123e-10,0.15118783148866022,0.7705808011271454
ABW,2015,0.06222049485476801,7.178958248069953e-10,0.45433327340154156,0.48344623102579465
ABW,2016,0.305196535251591,5.2850777060082435e-08,0.3508867153718258,0.3439166965258061
AFG,1962,0.9999999908308437,3.1428186486811214e-09,3.031061535331835e-09,2.9952762263327915e-09
AFG,1963,0.9993933697475224,2.4711606354602607e-09,2.486154208723001e-09,0.0006066252951629576
AFG,1964,0.9999905648811329,9.428999571498797e-06,3.1349293322991073e-09,2.9843662812293617e-09
AFG,1965,0.9998285618736055,2.811768002366987e-09,0.00017143255303968635,2.7615868411216294e-09
AFG,1966,0.9998606774872165,3.1050151484191824e-09,0.00013931631879998357,3.0889683662925454e-09
AFG,1967,0.9999867066116697,2.946237190727909e-09,1.3287598278648279e-05,2.843814556061173e-09
AFG,1968,0.9999515290304442,4.846630433470809e-05,2.3314031923418252e-09,2.3338179437244763e-09
AFG,1969,0.9982002223048912,4.7451708108615076e-06,0.00022702336367322985,0.0015680091606245763
AFG,1970,0.9696516539342628,1.177799097961665e-06,0.0008708246483076662,0.029476343618331565
AFG,1971,0.9856883403649098,1.895026171010985e-09,0.01297439544127297,0.0013372622987910024
AFG,1972,0.9444151821162826,0.00018071022397252065,1.6776854706326829e-09,0.055404105982059346
AFG,1973,0.9993391244057097,1.3721251566697293e-09,0.0004197707144633175,0.00024110350770188476
AFG,1974,0.9709478425943967,0.00048754490480610994,0.0005536145828219332,0.02801099791797534
AFG,1975,0.8822860029594992,0.0013652750432683858,0.000595373405024536,0.11575334859220789
AFG,1976,0.959468789003688,0.004810514904931239,8.429508791019703e-10,0.03572069524842978
AFG,1977,0.9950707653837747,0.003813117826429472,0.0011161161502857573,6.395100616761973e-10
AFG,1978,0.9804905119241983,0.019509484904139462,1.6156664143695975e-09,1.5559958271400545e-09
AFG,1979,0.9899437047873046,0.010056292822537461,1.204475849869061e-09,1.1856820590656243e-09
AFG,1980,0.9833547165750695,0.01637378649130682,0.00027149551908090404,1.4145427221049462e-09
AFG,1981,0.9558337121755682,0.044166284571322226,1.6333448487812945e-09,1.6197646200389766e-09
AFG,1982,0.9958816558226689,0.004118341531049466,1.3459201254448812e-09,1.300361623958926e-09
AFG,1983,0.9988594504721492,0.0011405462692307335,1.6517014332549716e-09,1.6069186772099812e-09
AFG,1984,0.9982322564876628,0.0017677400622059377,1.7589805690533364e-09,1.6911508316842016e-09
AFG,1985,0.9976618603550224,0.0010321150999158502,0.0013060233134263525,1.2316354111234804e-09
AFG,1986,0.971661816014654,0.001559282572322669,0.026778899918534164,1.4944892138601058e-09
AFG,1987,0.9938527258484547,0.00614727138447295,1.3977958993942803e-09,1.3692764495715247e-09
AFG,1988,0.9955913059680126,0.004408690750416053,1.6774242223634107e-09,1.6041471563867387e-09
AFG,1989,0.9843068542629587,0.015693141971495687,1.9105093712190055e-09,1.8550361981489134e-09
AFG,1990,0.9645414888961884,0.035458507217451966,1.9593072370187096e-09,1.9270524810702135e-09
AFG,1991,0.9679212829705894,0.02747977354810811,0.0045989411901805315,2.291122015177513e-09
AFG,1992,0.973952347942818,0.025060961794492607,0.0009866870321604746,3.2305289987636943e-09
AFG,1993,0.9591387512228682,0.03635570794641153,0.004505537017222543,3.81349783646111e-09
AFG,1994,0.9239974526332129,0.04108197823740882,0.03492056636855686,2.7608213708003776e-09
AFG,1995,0.9324182537568906,0.020027375126921296,0.04755436862877592,2.4874122396876784e-09
AFG,1996,0.7346623672157254,0.015739761659921792,0.014812265626282156,0.23478560549807068
AFG,1997,0.8748770642480509,0.06532611990583292,0.05979681416807609,1.6780400769191342e-09
AFG,1998,0.7821804009185719,0.09445667509592698,0.059118422836588976,0.06424450114891213
AFG,1999,0.9337952964601156,0.04922847635303718,0.01697622529897516,1.887872006188837e-09
AFG,2000,0.9498291502660262,0.04129553862914192,0.008875309094036192,2.0107957060575495e-09
AFG,2001,0.8499029397539438,0.06609302138369043,0.07092562491797445,0.013078413944391321
AFG,2002,0.8999221206354486,0.019702942736332205,0.08037493361440526,3.0138138063823386e-09
AFG,2003,0.6120643752348641,0.018223925478319632,0.03638123173155634,0.33333046755525997
AFG,2004,0.8832340461205098,0.010037883950990515,0.05510506368675515,0.05162300624174449
AFG,2005,0.7680155678371654,9.549306140344308e-06,0.23197488161351648,1.2431777852769024e-09
AFG,2006,0.9635859760365657,0.023517356071248035,0.012896666868417887,1.0237683594688413e-09
AFG,2007,0.8311901613582489,0.09852518911704998,0.07028464888386797,6.408330589969141e-10
AFG,2008,0.7690203080317547,0.0034069364923282187,0.22757275495590096,5.200160542770282e-10
AFG,2009,0.2901112893553182,0.023572626339727447,0.6863160840987469,2.0620746871133052e-10
AFG,2010,0.8295591576246965,0.004428570603950899,0.1660122713327824,4.385703334838381e-10
AFG,2011,0.9462346040197188,0.004184332851015772,0.049581062658517416,4.707479848124295e-10
AFG,2012,0.9668484258316125,0.025229446962165083,0.007922126647697439,5.585249609560409e-10
AFG,2013,0.9669389677661225,0.009070006211765475,0.02399102569117942,3.3093255587264253e-10
AFG,2014,0.9847552053695844,0.005130207481244827,0.010114586857511099,2.9165970660762886e-10
AFG,2015,0.9917021170551946,0.00265399818952061,0.005643884442376452,3.129082854454157e-10
AFG,2016,0.9932304586665264,0.004157232979146575,0.0026123080245735895,3.297534845266803e-10
AGO,1962,0.9915332869067637,0.0001301423633798886,0.00035430250060993396,0.00798226822924654
AGO,1963,0.971370610066269,7.51708648917459e-05,0.0005271265383178352,0.02802709253052134
AGO,1964,0.9864753431422404,1.3050599466371907e-06,2.504902812118756e-05,0.013498302769691774
AGO,1965,0.9959638453570435,1.1999127454236178e-09,6.656920026064645e-05,0.00396958424278308
AGO,1966,0.9999551126991294,1.1296578533537223e-09,4.488507796535096e-05,1.0932471966927605e-09
AGO,1967,0.9996470200837525,1.0757368072339077e-09,0.0003529778119559857,1.0285547592620013e-09
AGO,1968,0.9995521490727012,1.7443739953630601e-06,8.881975713151113e-10,0.00044610566510604736
AGO,1969,0.9650461105274024,2.4383477680647655e-06,0.0003056684923618296,0.03464578263246768
AGO,1970,0.8998107511428325,5.792161528991093e-10,0.00040092114745421376,0.09978832713049707
AGO,1971,0.8727157939359559,5.335573910974879e-10,0.00024811470502191435,0.12703609082546485
AGO,1972,0.8013126434357445,4.7578147527848435e-06,0.00012415488676108133,0.19855844386274174
AGO,1973,0.7989113547928277,3.3801608271255053e-10,0.008957876158064435,0.19213076871109191
AGO,1974,0.6639800109702788,2.1206091578218985e-10,8.07609145058665e-05,0.3359392279031544
AGO,1975,0.48514564621553286,3.974213331630893e-05,0.0016884048035078446,0.513126206847643
AGO,1976,0.4194412689800926,4.6226650585638525e-10,0.0008873204956995696,0.5796714100619412
AGO,1977,0.33902481705986826,5.956801318706588e-10,5.897374957587978e-10,0.660975181754714
AGO,1978,0.5900041054223301,3.545580371960873e-05,5.665333089455885e-10,0.40996043820741696
AGO,1979,0.2008790568295519,4.094458296869516e-10,0.006997181465193937,0.7921237612958084
AGO,1980,0.14987149381935155,2.9232027588673546e-10,0.0006267387990944369,0.8495017670892338
AGO,1981,0.0559128865156817,1.8603348849153556e-10,9.589568992546905e-05,0.9439912176083594
AGO,1982,0.05665638983015377,6.411891221669655e-05,0.00021152311348102257,0.9430679681441486
AGO,1983,0.02808321863626673,1.6503050430047083e-10,1.8385314920033196e-07,0.9719165973455536
AGO,1984,0.01807214678332725,1.2167546832747283e-05,1.4001052878605597e-10,0.9819156855298294
AGO,1985,0.011392318285678063,9.820307715368491e-06,1.257338075712729e-10,0.9885978612808728
AGO,1986,0.02831301788788259,7.507972344473479e-05,3.435203263961936e-05,0.9715775503560331
AGO,1987,0.03942139420284901,9.983825048927432e-05,2.5526318585764177e-05,0.960453241228076
AGO,1988,0.08501630155646987,1.1140489162376552e-06,9.917243209058411e-11,0.9149825842954414
AGO,1989,0.07985467653260515,2.3626771047002715e-05,8.510552665733592e-11,0.9201216966112423
AGO,1990,0.062245887278611786,6.665837628646373e-11,6.576014294019788e-11,0.9377541125889697
AGO,1991,0.011396283281580061,2.5823791611341954e-05,8.662835121409956e-05,0.9884912645755944
AGO,1992,0.0466413237894072,2.2534477026828508e-05,7.535167663363635e-06,0.9533286065659027
AGO,1993,0.0416478144730188,7.686209156142523e-05,0.0002596308829652064,0.9580156925524547
AGO,1994,0.0387268655918289,8.78750599477844e-11,2.0323286333688766e-05,0.9612528110339624
AGO,1995,0.04466536883772833,7.416143488022232e-11,7.518521998134587e-11,0.955334631012925
AGO,1996,0.05191369375290917,5.6646447336474575e-11,2.347869108960234e-05,0.9480628274993549
AGO,1997,0.07311750072511732,3.3766513449689715e-05,0.00016414303558715573,0.9266845897258459
AGO,1998,0.09845114150333753,7.188914525408962e-05,1.2763236772922123e-08,0.9014769565881716
AGO,1999,0.1181433149379132,1.2676015151080098e-05,4.900225888735615e-05,0.8817950067880483
AGO,2000,0.07681064493006456,1.2669406002905795e-05,2.3356475615615934e-10,0.9231766854303678
AGO,2001,0.08378254027838086,6.041972227043744e-05,4.139560858202145e-11,0.9161570399579531
AGO,2002,0.06251014339642783,6.268709539896339e-05,7.736570252985155e-09,0.937427161771603
AGO,2003,0.02530674120622371,8.342598494323876e-06,8.909543499827309e-05,0.9745958207602837
AGO,2004,0.006777905857238009,2.1802483008412078e-11,0.00019109805033431243,0.9930309960706252
AGO,2005,0.025562993294848468,1.2443211727038727e-11,0.0007636113532637657,0.9736733953394445
AGO,2006,0.013455966174415641,1.5212528423396937e-05,8.47979085022138e-12,0.9865288212886812
AGO,2007,0.001470662086727756,3.472411336413126e-05,0.00011676877495124691,0.9983778450249569
AGO,2008,0.008276950885475826,7.628120696343843e-06,4.212062094005987e-12,0.9917154209896157
AGO,2009,0.0037255738646234586,0.002953149978813596,0.0009654067650723438,0.9923558693914907
AGO,2010,9.834782023932459e-12,5.003541977178328e-12,0.0036262029398916357,0.9963737970452701
AGO,2011,0.0011675917753489115,6.032053378091707e-05,5.796946532260501e-05,0.9987141182255476
AGO,2012,0.0038198940053832823,1.9709643431920077e-05,6.335799820888587e-08,0.9961603329931866
AGO,2013,0.0022457429612249467,4.300221027781613e-05,9.110000806795781e-10,0.9977112539174972
AGO,2014,0.005848278122431325,2.060484598060565e-06,1.0310257672071605e-06,0.9941486303672034
AGO,2015,0.016919032089435026,7.277429147279802e-06,3.944439067512955e-06,0.9830697460423503
AGO,2016,0.03012357053595683,1.0007231194030498e-11,0.0015659350665078364,0.968310494387528
AIA,1981,0.9998648085843025,4.51591671577427e-05,4.509633825587151e-05,4.4935910283828196e-05
AIA,1982,0.06225571009997347,8.268941844389036e-06,0.9377277700276441,8.250930538125162e-06
AIA,1983,0.9998623287477147,4.572809664344189e-05,4.6199355442620015e-05,4.574380019934127e-05
AIA,1984,0.6660009977117753,1.5339981321829203e-05,0.3339683477303248,1.5314576578113995e-05
AIA,1985,0.9999018622586354,3.223351179163913e-05,3.3697903981648054e-05,3.220632559130588e-05
AIA,1986,0.9999995949241927,1.3646132269480132e-07,1.3739684298563708e-07,1.3121764161223637e-07
AIA,1987,0.6134879148697039,0.3242116138399306,0.06229970735937507,7.639309904951596e-07
AIA,1988,0.13575541842695574,0.841869210831284,0.022375154801521812,2.159402383711657e-07
AIA,1989,2.4003388828625314e-08,0.30548262550754457,0.6945173275520152,2.293705133840036e-08
AIA,1990,0.4125006689949898,0.4562349028548957,0.13126434140766585,8.674244869446764e-08
AIA,1991,0.10106873989632663,0.5561137745411819,0.34281745808608094,2.7476410412861096e-08
AIA,1992,0.03794503088610366,0.962054729756086,1.2180334576785633e-07,1.1755446471994464e-07
AIA,1993,0.04171484070890822,0.10803994627667969,0.8502451852997721,2.7714639918633983e-08
AIA,1994,0.12378233988211376,0.3803679407841593,0.4958496141315966,1.0520213021735276e-07
AIA,1995,3.551813793856834e-06,0.646526726816534,0.3534696641635568,5.720611556551906e-08
AIA,1996,0.4507439961882963,0.0020313938368023777,0.547224567073727,4.290117435032148e-08
AIA,1997,0.23957504060116624,0.08863739079900493,0.6089018175455533,0.06288575105427555
AIA,1998,0.14090846277819086,0.031564773691020634,0.8275267225944626,4.0936326030055324e-08
AIA,1999,0.33935263980434965,0.014119809896270928,0.6465275011652506,4.913412868159517e-08
AIA,2000,0.14092722083236123,0.22431397144169496,0.6347587498338491,5.78920947168499e-08
AIA,2001,0.0839002454152589,0.11369355253105347,0.8024061664733944,3.5580293239143615e-08
AIA,2002,0.09971843393868114,0.0962877070401997,0.8039937990655833,5.99555356906266e-08
AIA,2003,0.4795470327096336,0.055795102279203326,0.4646578308168426,3.4194320371832705e-08
AIA,2004,0.2028503974100942,0.020417532893039096,0.7767320227857366,4.691113021920791e-08
AIA,2005,0.0779477805319287,2.0089742005165247e-08,0.922052180051867,1.932646234551372e-08
AIA,2006,2.4939619001076464e-08,2.5333217607545458e-08,0.9999999254996763,2.4227486976782174e-08
AIA,2007,1.8086831256585498e-08,0.1640868538648293,0.8359131104168964,1.7631442977568384e-08
AIA,2008,1.2273096386178829e-08,0.09416543181273028,0.9058345439903903,1.1923783016202328e-08
AIA,2009,8.641125681972852e-09,0.0521927333251386,0.9478072498155081,8.21822768988317e-09
AIA,2010,2.070205217991262e-08,0.06264749518928366,0.9373524641077207,2.0000943523551164e-08
AIA,2011,0.1421029581018935,1.4603299850420093e-08,0.5947749323252743,0.26312209496953237
AIA,2012,0.09554619606758441,0.00015282205865866698,0.9043009575933311,2.4280425876923522e-08
AIA,2013,0.013436636378707461,2.1767054821828307e-08,0.9865633212451479,2.0609089912458154e-08
AIA,2014,0.0009525910383199743,0.2603018619527254,0.7387455335351074,1.3473847231652474e-08
AIA,2015,0.210333096731271,0.11628161921190362,0.6733852627815379,2.1275287527937656e-08
AIA,2016,0.06447251309199974,0.05700886736921278,0.8785185980844948,2.145429263189232e-08
ALB,1962,0.7925687139324821,9.953070597412447e-08,0.003018677539910789,0.20441250899690103
ALB,1963,0.7783608658263872,0.0021649669728753254,0.001291329125909608,0.21818283807482783
ALB,1964,0.833070854375283,0.0041607244603701354,0.0009426715690079769,0.16182574959533885
ALB,1965,0.8932474136135296,0.00019344393194595437,0.0033099820659208906,0.10324916038860357
ALB,1966,0.9780054072188908,0.0034628746450746798,0.0009247957538224495,0.017606922382212026
ALB,1967,0.5351374865596429,0.42955695490175466,2.081624724760145e-08,0.03530553772235525
ALB,1968,0.9130783982704193,0.06994580738665476,9.632965783593086e-09,0.01697578470996015
ALB,1969,0.940595623239528,0.059404356258833974,1.0294736174117311e-08,1.0206901831886536e-08
ALB,1970,0.974320946227954,0.025679038630846026,7.634988437870985e-09,7.506211515088281e-09
ALB,1971,0.9315854381180932,0.06721587596858589,5.6624333829221926e-09,0.0011986802508874741
ALB,1972,0.8684944637303665,0.13105677754081732,5.864727479695266e-09,0.00044875286408853853
ALB,1973,0.878488029675691,0.09373122881400854,4.203391370526803e-09,0.027780737306909175
ALB,1974,0.8102775263955708,0.125212564045715,2.5326566892409098e-09,0.06450990702605736
ALB,1975,0.8669275415896129,0.12409160897968947,2.281576279910286e-09,0.008980847149121266
ALB,1976,0.8672498682144585,0.13275012624589597,2.8039533659980253e-09,2.7356921776615264e-09
ALB,1977,0.9677243381845062,0.0322756567497184,2.553248643897377e-09,2.512526862408094e-09
ALB,1978,0.8678118545715147,0.13218813501690485,5.245364974271275e-09,5.1662153979981135e-09
ALB,1979,0.8700344499554561,0.12996373663594504,1.8113876442655298e-06,2.0209545461282855e-09
ALB,1980,0.7268340738860013,0.20187512151979342,0.07129080314673038,1.447474868742329e-09
ALB,1981,0.8753406176599589,0.12171513041814333,0.002944250343963321,1.5779345733473268e-09
ALB,1982,0.9184581831635228,0.08154181418829909,1.320185807955073e-09,1.3279923377187345e-09
ALB,1983,0.9089081944373921,0.0896166292541239,0.001475174875453842,1.4330300641143581e-09
ALB,1984,0.918666492581152,0.081333504354986,1.5562426555113934e-09,1.5076193566310363e-09
ALB,1985,0.9000178366614627,0.09998215991904802,1.7454035358066975e-09,1.674085930411912e-09
ALB,1986,0.9039671384200099,0.09603285909549683,1.259107563249754e-09,1.2253858032427167e-09
ALB,1987,0.8730896809097177,0.12691031657251176,1.2791312541243762e-09,1.2386394140017735e-09
ALB,1988,0.97709433797887,0.022905659949619978,1.0545660847788012e-09,1.0169437676547592e-09
ALB,1989,0.9574688994036827,0.042528548723035416,2.551031409168861e-06,8.418727479570076e-10
ALB,1990,0.9019769085186732,0.09093966034936665,0.007083429939095419,1.192864905116163e-09
ALB,1991,0.5402668036735898,0.18863416467898492,1.751556967610076e-09,0.27109902989586837
ALB,1992,0.6340903470012142,0.35587136923171087,0.010038281528192606,2.2388822469686555e-09
ALB,1993,0.5214033367807478,0.47311474940394144,0.00548191178643577,2.028874915475548e-09
ALB,1994,0.4087551177562446,0.5790664916804187,0.0018311889464110542,0.010347201616925594
ALB,1995,0.4345467400538518,0.564420447750372,0.0010328110989171104,1.0968590022243197e-09
ALB,1996,0.40739325784103747,0.5879491771020058,8.793073574912425e-10,0.004657564177649241
ALB,1997,0.34992607772841766,0.6490844584647981,0.0009894627935989261,1.0131852360950333e-09
ALB,1998,0.23281862590145352,0.7639713948835419,9.77777675604793e-10,0.0032099782372268914
ALB,1999,0.21903056002065138,0.7652229734664752,0.0017393187103976536,0.014007147802475936
ALB,2000,0.20867879882601034,0.7884207184167159,0.002900481881991341,8.752824219012237e-10
ALB,2001,0.13047281891801937,0.864513613852099,0.005012809712714366,7.575171674671184e-07
ALB,2002,0.1518662658357014,0.8442406023944345,0.0038931310616021593,7.082619486939783e-10
ALB,2003,0.14759534726899154,0.8388411843953947,0.013563467800213197,5.354005587739577e-10
ALB,2004,0.22391967681641475,0.7692663498796999,0.0068139728433467845,4.605385051906723e-10
ALB,2005,0.2257105610573078,0.7099802122901393,0.010678188929808272,0.053631037722744565
ALB,2006,0.22825452217890976,0.7188095628783173,0.010882222944354354,0.04205369199841852
ALB,2007,0.2872417612738066,0.6470507872524424,0.007513964739337201,0.058193486734413755
ALB,2008,0.3209473736444652,0.614334266751274,0.0017292290132956615,0.06298913059096496
ALB,2009,0.1851475355539691,0.7146605456308954,0.020111046802159634,0.08008087201297585
ALB,2010,0.379666529563181,0.482471830074099,0.004141444824952438,0.13372019553776757
ALB,2011,0.3224374253066762,0.46204912543100446,0.025087642040094373,0.19042580722222502
ALB,2012,0.26676806662700814,0.4672032220876633,0.01420157387273542,0.25182713741259316
ALB,2013,0.24341615956451704,0.4163581875004123,0.007824621316984874,0.33240103161808576
ALB,2014,0.4153597342294238,0.3889787153520135,0.011028124402626729,0.18463342601593602
ALB,2015,0.3558108268512926,0.4840222909838957,0.020604031169611497,0.13956285099520016
ALB,2016,0.24808278965487576,0.5935938932128945,0.026094376975767622,0.13222894015646217
AND,1962,0.7999799819581211,4.387149593578916e-06,0.20001143028635907,4.200605926273208e-06
AND,1964,7.543766856424142e-05,7.949316652948662e-05,0.9997698899197789,7.51792451273689e-05
AND,1965,0.9814420157167432,2.377035171796869e-06,0.018553359580636867,2.2476674481448856e-06
AND,1966,3.970214560420817e-06,0.03370794807604774,0.9662842267856333,3.854923758468947e-06
AND,1967,2.717136421763427e-05,0.42544530658249574,0.5745014448340845,2.6077219202161588e-05
AND,1968,4.1572704926784054e-05,4.068385812689346e-05,0.4882659318278296,0.5116518116091167
AND,1969,8.129147686090312e-05,0.8535396557605824,0.1463013972780519,7.765548450480718e-05
AND,1970,0.3887437549962321,0.33554115054906347,0.2757148774912255,2.1696347910669523e-07
AND,1971,0.5725520251426804,0.33542917654997734,0.09201865349235439,1.4481498776169398e-07
AND,1972,0.14738113851173126,0.4507842042996224,0.40183454244447037,1.1474417591933175e-07
AND,1973,0.10692178097443902,0.5819406420789636,0.3111374927932028,8.415339465616859e-08
AND,1974,0.2821763070646128,0.47845704665063127,0.23936659710416897,4.9180587034970946e-08
AND,1975,0.07170442759379517,0.4909112969101652,0.4373842311783855,4.431765411975763e-08
AND,1976,0.07187358321309323,0.48019411934814005,0.4479322596631337,3.777563288624521e-08
AND,1977,0.12552534251574224,0.45266091538453446,0.42181370312344485,3.897627844506939e-08
AND,1978,0.0721068959632781,0.4112514585775068,0.5166416085791753,3.688003988195385e-08
AND,1979,0.15907421980135975,0.3186129253426756,0.5223128346147049,2.0241259756487076e-08
AND,1980,0.05676153404333216,0.17379807110839604,0.6602092816960157,0.10923111315225616
AND,1981,0.06992308375306244,0.19983543108576665,0.7302414655632771,1.9597893890794703e-08
AND,1982,0.003517009667010798,0.047450918986014716,0.9490320649823071,6.364667328625641e-09
AND,1983,2.1066382650707198e-08,0.3206313253802686,0.6793686335491562,2.000419244327404e-08
AND,1984,0.13456065238557793,0.3584993282097256,0.5069399989742472,2.0430449279361795e-08
AND,1985,0.05127249750466342,0.4216973548065037,0.527030131744806,1.5944027007773078e-08
AND,1986,0.09957587944532947,0.54157126941584,0.2946370792969679,0.06421577184186274
AND,1987,0.09420788491382574,0.6616314062246046,0.2441606985919315,1.0269638134575217e-08
AND,1988,0.2212853865142509,0.5624050273407137,0.21630957908636408,7.058671250568797e-09
AND,1989,0.07667346441240352,0.5368630297801041,0.3864634978500352,7.957457121796717e-09
AND,1990,0.05200948549643408,0.5854446029635109,0.36254590524783464,6.292220268884238e-09
AND,1991,0.10568007415887531,0.41882666549843994,0.4754932531044456,7.238239101319161e-09
AND,1992,0.06053683778837598,0.4261422783649368,0.5133208752006803,8.646006929665578e-09
AND,1993,0.05736216026199702,0.5004623006870963,0.44217552996344583,9.087460898817723e-09
AND,1994,0.007632572271141107,0.30485680734762327,0.6875106147500197,5.631215952841244e-09
AND,1995,0.01779617063013991,0.2426839499487442,0.7171223324507073,0.02239754697040849
AND,1996,0.02552007548788277,0.2654396001592284,0.6613880076428101,0.04765231671007882
AND,1997,0.03796606470771938,0.46831016000086,0.49372376994826545,5.343155071627999e-09
AND,1998,0.024029641466522183,0.2941155600176014,0.6818547932419976,5.273878695845223e-09
AND,1999,0.05386990305034932,0.17194044077398085,0.7741896509620756,5.213594177196727e-09
AND,2000,6.353327822859727e-09,0.3236180553468705,0.676381932301106,5.998695603827707e-09
AND,2001,0.2209788796025808,0.2015311717287038,0.5774899453090235,3.359691946715446e-09
AND,2002,0.04850833938709115,0.19236913518161905,0.759122521417339,4.013950744412221e-09
AND,2003,0.05421583982732084,0.20547692015533622,0.7402887687956172,1.8471221725850696e-05
AND,2004,0.09414323709741952,0.11472509616032822,0.7911316645606163,2.18163586104659e-09
AND,2005,0.1674752851690811,0.21448115947688545,0.6180435537617442,1.5922890847699338e-09
AND,2006,0.24432033823264254,0.21264346946000703,0.5428920790193369,0.00014411328801336773
AND,2007,0.0042170641834461415,0.3175195048556253,0.6782634293368284,1.6241002487105204e-09
AND,2008,0.0675486400238014,0.15919334364608084,0.7732580147878323,1.5422855582025474e-09
AND,2009,0.16857236104302956,0.14157317788958526,0.6639849803966683,0.025869480670716843
AND,2010,0.5150391009234395,0.13771195141687978,0.34724894668073153,9.78949265776544e-10
AND,2011,0.32760804611881583,0.3576645835631555,0.3147273675838556,2.7341730852733185e-09
AND,2012,0.2532655252186313,0.0767756526400747,0.6699588211563787,9.849152818006467e-10
AND,2013,0.16442625615677806,0.3884658452837883,0.44710789539893164,3.1605020127324965e-09
AND,2014,0.04268464815765785,0.3538053312645411,0.39798192856024583,0.2055280920175552
AND,2015,0.18249390244562386,0.4058814894102902,0.41162460369073994,4.453345923022288e-09
AND,2016,0.2331023447159895,0.33161024718929305,0.31710936068091305,0.11817804741380433
ANS,1962,0.9659270027284252,0.011224725015075838,0.0026054663628568286,0.020242805893642087
ANS,1963,0.9872860231336796,0.00034583620061033414,0.0036251137136139515,0.008743026952096012
ANS,1964,0.967396518734847,0.0018557703074639444,0.0020471190634921256,0.028700591894196888
ANS,1965,0.9457532141559899,0.0031305930033605745,0.0060464859719351035,0.04506970686871435
ANS,1966,0.8070482079568115,0.1346648788580312,0.002084840406023771,0.056202072779133555
ANS,1967,0.7817895500817376,0.14724121663013454,0.0035031976168158146,0.06746603567131203
ANS,1968,0.7300806815041382,0.17320199014909354,0.01005144931386817,0.08666587903289999
ANS,1969,0.7573549735546776,0.16936501379925378,0.010573601871265496,0.06270641077480311
ANS,1970,0.801849535517696,0.09876142814310594,0.002647529124607065,0.09674150721459104
ANS,1971,0.7379387851820065,0.10871031043382345,0.004287768280915705,0.14906313610325408
ANS,1972,0.8734806545962943,0.09169979259048221,0.003992345005409122,0.030827207807814307
ANS,1973,0.8142910366017262,0.08545669566694497,0.001478817755081809,0.09877344997624704
ANS,1974,0.7358609682780137,0.09247628921288409,0.0005929248369095061,0.1710698176721927
ANS,1975,0.43146065551918183,0.15973298460736707,0.02182845962794875,0.3869779002455024
ANS,1976,0.38464202615443766,0.10116797906835148,0.036816205396481456,0.4773737893807295
ANS,1977,0.3849454779871622,0.11415276077420833,0.016088343975964894,0.48481341726266447
ANS,1978,0.4327622931301919,0.065327557945589,0.07473489420177891,0.42717525472244017
ANS,1979,0.3414270479415523,0.3003861647254563,0.15400149394665538,0.204185293386336
ANS,1980,0.6172476987594476,0.004718891214894915,0.192652868817736,0.18538054120792158
ANS,1981,0.395870103977111,0.0356845552710407,0.1290972567265572,0.4393480840252911
ANS,1982,0.4982931338889349,0.03360723216930398,0.07890791905746496,0.38919171488429616
ANS,1983,0.4784952700475113,0.035706241007683666,0.1353608007744726,0.35043768817033255
ANS,1984,0.46284371522659373,0.059880106134075246,0.20209145527362116,0.2751847233657098
ANS,1985,0.41159362839299773,0.04412157280182061,0.26159292047230087,0.2826918783328807
ANS,1986,0.42720773387703415,0.08351317249087228,0.23746998737835243,0.25180910625374114
ANS,1987,0.48375538980903926,0.0977448346854355,0.1883744136823546,0.23012536182317062
ANS,1988,0.5359169110568041,0.08645015938428889,0.37563702312393626,0.001995906434970783
ANS,1989,0.48748500824138313,0.0955745199967668,0.35798477035894066,0.05895570140290935
ANS,1990,0.4114159666808086,0.08463064641436559,0.44916059656703494,0.0547927903377909
ANS,1991,0.19640286259838466,0.12416296697860607,0.6251572195590367,0.05427695086397265
ANS,1992,0.2885835788364936,0.2220306363029273,0.38424595308137277,0.10513983177920622
ANS,1993,0.3502628487848449,0.30685204427028817,0.2302174658004313,0.11266764114443556
ANS,1994,0.38237548462626036,0.2939654297874317,0.2528247562168525,0.07083432936945541
ANS,1995,0.4105872385347394,0.24729914728745078,0.28146085095523177,0.06065276322257803
ANS,1996,0.3284557629900243,0.2395880049547665,0.35091956311953615,0.08103666893567311
ANS,1997,0.5545839893689326,0.10204712199898841,0.14161127984857072,0.20175760878350832
ANS,1998,0.35307449037115285,0.24560568687241333,0.1720206510784483,0.22929917167798544
ANS,1999,0.2990161472506818,0.19779233546269992,0.3873659724579122,0.11582554482870613
ANS,2000,0.7365991617922849,0.13584504186064741,0.032154758330409886,0.0954010380166579
ANS,2001,0.740886218335046,0.07453995969030155,0.03309502777112142,0.15147879420353108
ANS,2002,0.7454723827155082,0.06340070125737843,0.04529864040089208,0.14582827562622117
ANS,2003,0.8057503358353828,0.08318305748586491,0.022905800942031478,0.08816080573672092
ANS,2004,0.8556892525019156,0.054611993466635374,0.037441635131798684,0.05225711889965032
ANS,2005,0.8273750050813734,0.054606312432355884,0.021530950027625968,0.09648773245864474
ANS,2006,0.7680342218643806,0.040424493266930595,0.014972396779316456,0.1765688880893724
ANS,2007,0.9177489146037017,0.011451832974310515,0.022249272343002616,0.04854998007898513
ANS,2008,0.9107592567687486,0.008747808321817277,0.02104836380674609,0.05944457110268797
ANS,2009,0.8532566007057185,0.024017361127686078,0.032290290685529785,0.09043574748106567
ANS,2010,0.8575774509214108,0.02095707113241974,0.026205035302705307,0.09526044264346396
ANS,2011,0.9059029446419192,0.013976403235916032,0.019927837972641724,0.06019281414952294
ANS,2012,0.8587940600631441,0.013065468587942386,0.012970984561912218,0.11516948678700148
ANS,2013,0.8907258731867027,0.014973371102731175,0.014971399176409595,0.07932935653415653
ANS,2014,0.8820612000835237,0.021760456408599867,0.02506050146166849,0.07111784204620789
ANS,2015,0.8828803880586418,0.027369249860865193,0.08354701400933975,0.0062033480711531875
ANS,2016,0.44960524258368945,0.528757908883136,0.020966157229860175,0.0006706913033143593
ANT,1962,0.003461925137890108,0.001051250866166656,0.0009893102194337726,0.9944975137765094
ANT,1963,0.005415522930816874,0.0008008086825254426,0.0016262097447907627,0.9921574586418669
ANT,1964,0.004006638397330051,0.0013121925120589753,0.0013502512179567082,0.9933309178726543
ANT,1965,0.009024240584684215,0.000572593538584105,0.0017465545319756243,0.9886566113447561
ANT,1966,0.02763173687369495,0.00012286717188120214,0.0011644169151865235,0.9710809790392374
ANT,1967,0.017774445744861884,0.0003140108332946296,0.002602620302920637,0.9793089231189229
ANT,1968,0.011018706702645879,0.007171614675186361,0.0034796685554314604,0.9783300100667363
ANT,1969,0.005378165210760931,0.01730097405054808,0.024454615559207356,0.9528662451794837
ANT,1970,0.005871100934904766,0.025681189664491764,0.01766325600458897,0.9507844533960145
ANT,1971,0.018381856964848294,0.01385191197090794,0.008744010039858514,0.9590222210243853
ANT,1972,0.015806778923920985,0.030191361963992625,0.006477004036873545,0.9475248550752128
ANT,1973,0.026269034216490444,0.014114390662433189,0.00204748812355791,0.9575690869975185
ANT,1974,0.013549201519772278,0.011154149398292026,0.0010807575192068927,0.9742158915627288
ANT,1975,0.009014332791773771,0.013512331188895473,0.003725599294640923,0.9737477367246898
ANT,1976,0.025204633622327884,0.009343469889926405,0.0023588092612543974,0.9630930872264912
ANT,1977,0.009688794537262018,0.0074068798656282755,0.002692076537231066,0.9802122490598787
ANT,1978,0.008784665659640919,1.752022315917482e-10,0.002887388703851089,0.9883279454613059
ANT,1979,0.008412274382762434,0.0004868925967294263,0.006417624399023986,0.9846832086214842
ANT,1980,0.0017386418669375074,5.4982858654012675e-05,0.0015517340063650787,0.9966546412680434
ANT,1981,0.016645930777848476,0.00025006568404376434,0.0012718273318798863,0.9818321762062279
ANT,1982,0.00815708070558892,0.011731949174068048,0.004788702614954995,0.9753222675053881
ANT,1983,1.9413736908418072e-09,0.0008007733248695617,0.016991017135497756,0.982208207598259
ANT,1984,0.0030897963085340097,0.011368294617597677,0.0013627417611464007,0.9841791673127219
ANT,1985,0.029293558937323525,0.014581726292054672,0.005656123594268637,0.9504685911763532
ANT,1986,0.07009095018184595,0.002691728344326684,0.011127969354545813,0.9160893521192816
ANT,1987,0.046248305067030406,0.0003372330960746915,0.015617745776047364,0.9377967160608475
ANT,1988,0.21489016426834467,0.027673440049452477,0.011827978595114358,0.7456084170870886
ANT,1989,0.21196116973071652,0.04426492217907321,0.014705067318061241,0.729068840772149
ANT,1990,0.11087669568242865,0.038364252251436436,0.002973305452094369,0.8477857466140405
ANT,1991,0.07598693185116205,0.022980614040350487,0.0028382571389874373,0.8981941969695001
ANT,1992,0.09812063997534046,0.01904739205382447,0.006677747772853415,0.8761542201979816
ANT,1993,0.23837359952516923,0.015410037571885957,0.014873848612108862,0.731342514290836
ANT,1994,0.352944802511009,0.008659601572510549,0.009786311939510935,0.6286092839769695
ANT,1995,0.36482041750910105,0.06848532849010668,0.013329100312614873,0.5533651536881774
ANT,1996,0.4270048207464181,0.019747437227385586,0.011155961476732604,0.5420917805494638
ANT,1997,0.375740281752405,0.042073943536846056,0.018965803930709672,0.5632199707800394
ANT,1998,0.31383844021393303,0.02154447573763897,0.03624171651773819,0.6283753675306898
ANT,1999,0.27303512440762495,0.04221304765002152,0.05324035567045272,0.6315114722719007
ANT,2000,0.20991115602000612,0.0489673430566561,0.03157580496123702,0.7095456959621008
ANT,2001,0.16123582509324214,0.09980337379724119,0.02607754699554172,0.712883254113975
ANT,2002,0.24478648925614493,0.1074823112209591,0.063912071175779,0.5838191283471169
ANT,2003,0.4504799089656093,0.01622745965358042,0.054716252935961475,0.47857637844484885
ANT,2004,0.277682804604636,0.07404050118335055,0.030264205033740534,0.6180124891782729
ANT,2005,0.15671700559259888,0.06241156289500029,0.02968758565827077,0.7511838458541301
ANT,2006,0.17056442393828464,0.056512859495989116,0.0812373434616118,0.6916853731041145
ANT,2007,0.2419710614827995,0.009172542823379632,0.07341505886831876,0.6754413368255022
ANT,2008,0.40728554776935705,0.028200169560115528,0.0716202014202716,0.4928940812502558
ANT,2009,0.2000485818632514,0.01787667417401006,0.07924780643821348,0.7028269375245251
ANT,2010,0.27633336177451184,0.02656976056488755,0.07510202168452408,0.6219948559760764
ARE,1962,0.9996671589947311,0.0001108619379650104,0.00011113037316210547,0.00011084869414187025
ARE,1963,0.14433448544805555,7.021569791114733e-06,6.973934445500542e-06,0.8556515190477079
ARE,1967,0.9902286066933738,7.303691158448506e-07,7.342422343677089e-07,0.009769928695275883
ARE,1968,0.7905444262833349,0.11762780673752216,0.09182772404916635,4.2929976581944894e-08
ARE,1969,0.9463077470713815,0.001622259267941751,0.052069973453057805,2.0207618822591003e-08
ARE,1970,0.1609396041994983,2.653071820839487e-07,0.0314924206426,0.8075677098507197
ARE,1971,0.15067952659506115,0.0010913074238906452,0.011553817621934803,0.8366753483591133
ARE,1972,0.00831823034452652,0.0019152206907307183,0.0014959896535811906,0.9882705593111616
ARE,1973,0.007820038550668153,0.0011455793187309185,0.00326312010851872,0.9877712620220822
ARE,1974,0.0007965293587163322,0.000684409730634875,0.001610811683864569,0.9969082492267841
ARE,1975,0.003429862697390069,0.0030385777547111015,0.01091847973216311,0.9826130798157356
ARE,1976,0.0034685243227541777,0.005373606530365784,0.011606641961225414,0.9795512271856546
ARE,1977,0.003814488668329796,0.006911191104681937,0.012599816442598843,0.9766745037843894
ARE,1978,1.1680184502714538e-06,0.0005029513918165518,0.0002668422666067734,0.9992290383231264
ARE,1979,0.006832727903424015,0.003061179564739119,0.00017469437639050788,0.9899313981554464
ARE,1980,0.0004992663469754408,0.0003266354475063722,0.0003430722609412504,0.9988310259445771
ARE,1981,0.004075861837563665,0.003061060840832101,0.0039310230540737625,0.9889320542675305
ARE,1982,0.004424767448699374,0.003964599599556519,0.00644182797304164,0.9851688049787025
ARE,1983,0.0011352357764438587,0.005660964747692942,0.012061247276300991,0.9811425521995623
ARE,1984,0.005245961155430617,0.006549082652334419,0.009854190954907244,0.9783507652373277
ARE,1985,0.007103896483100981,0.007873015559174286,0.016056746184077188,0.9689663417736475
ARE,1986,0.009033882263798483,0.009665701745821594,0.019809399829698652,0.9614910161606812
ARE,1987,0.012244965478950794,0.012172776550908208,0.01851559905690024,0.9570666589132407
ARE,1988,0.019442947438259146,0.025645846879141652,0.020903132248851316,0.9340080734337479
ARE,1989,0.01946814972363378,0.029407374013401218,0.01915989704210304,0.931964579220862
ARE,1990,0.011754815222943445,0.03117725713841909,0.01384562254437389,0.9432223050942635
ARE,1991,0.009826774944688713,0.038246782797963376,0.015439221470985136,0.9364872207863628
ARE,1992,0.012319925147043007,0.05266132822682219,0.03161406609324832,0.9034046805328866
ARE,1993,0.013694147164479833,0.06324398985669216,0.06260486323330769,0.8604569997455204
ARE,1994,0.02336766720670214,0.06382730550511753,0.07246800555829831,0.8403370217298821
ARE,1995,0.021652916316501725,0.07364353743761717,0.07000769740326433,0.8346958488426168
ARE,1996,0.025866735403178034,0.06892367252156549,0.05038071312147039,0.854828878953786
ARE,1997,0.06273887185049196,0.06633197301131204,0.06794628041200927,0.8029828747261868
ARE,1998,0.06860166652308476,0.10604357765003908,0.1131464615833697,0.7122082942435064
ARE,1999,0.051452121476139125,0.12988281565233448,0.08565588187162326,0.7330091809999032
ARE,2000,0.029460461093130864,0.10249751799322142,0.05579363728274308,0.8122483836309046
ARE,2001,0.04978510640192525,0.10995847084251098,0.06871717506149123,0.7715392476940724
ARE,2002,0.0810324234961307,0.11221149101302019,0.09970813195833621,0.7070479535325128
ARE,2003,0.07895443208987442,0.11832845473817855,0.06982589832654275,0.7328912148454042
ARE,2004,0.09245208346474514,0.10677122757779055,0.10614327560412253,0.6946334133533418
ARE,2005,0.0714394082888106,0.10415961820076257,0.07536318721694082,0.7490377862934859
ARE,2006,0.08969069855774921,0.057528029802833384,0.049396648167110174,0.8033846234723072
ARE,2007,0.0991677070074725,0.050145325207065085,0.0653282443553838,0.7853587234300786
ARE,2008,0.10902845588352501,0.02915727638268408,0.062200622373954205,0.7996136453598366
ARE,2009,0.23305180507596504,0.037836014945656825,0.07319712831107655,0.6559150516673016
ARE,2010,0.284934030162683,0.04878729525496874,0.10093575195379394,0.5653429226285542
ARE,2011,0.24184425168863147,0.041649149452601134,0.08705528378806228,0.6294513150707051
ARE,2012,0.1854953161755285,0.03308392998530843,0.059303630041261074,0.722117123797902
ARE,2013,0.20573397079222674,0.0348726649651669,0.06587814114175725,0.693515223100849
ARE,2014,0.17729409820802666,0.025563265207777203,0.0875804290247471,0.7095622075594491
ARE,2015,0.2508652195262924,0.04280555880164084,0.11684426005207467,0.5894849616199921
ARE,2016,0.383574545576315,0.0339518394061551,0.11533249871187953,0.46714111630565036
