rep_iso,year,0,1,2,3,4,5,6,7,8,9
ABW,1988,2.759901795955611e-07,0.0017636328218819046,0.05620550535509484,2.7597376684882374e-07,0.764322788899701,0.15504291317192778,2.7595432722143274e-07,0.022663779849396538,2.7596690187341033e-07,2.760168224735225e-07
ABW,1989,1.372903252236385e-08,1.3729769029951563e-08,1.372801075666912e-08,1.3727593407619389e-08,0.19551349573257434,0.04825199982623847,0.022035470817629955,0.7341989512510051,1.3728660218986168e-08,1.3729486250315573e-08
ABW,1990,2.300215221056669e-09,2.300388335473206e-09,2.3001794932244508e-09,0.03138425658590494,1.5231706639857307e-08,0.014788569269599785,0.005250288198302475,0.9485768592133761,2.3000894546564903e-09,2.300237674463577e-09
ABW,1991,5.48176794435909e-10,5.481810248201364e-10,5.481941325890841e-10,0.025355157667085907,0.0006662710694871667,0.0017525844272697063,0.06692156001059883,0.9053044240846218,5.481615510934241e-10,5.482231204980323e-10
ABW,1992,0.01386929788564643,2.585522606591382e-10,2.585702649678656e-10,0.12347251078145366,0.010595427903006487,0.0003988243516384665,0.1640630061792561,0.687600931864759,2.585429651739334e-10,2.585743360178249e-10
ABW,1993,0.0010148475394108395,1.7109654908381883e-10,1.7108579944365172e-10,0.024366564656151894,0.00038364911920409116,0.0007397715540575438,0.09628889068727971,0.8772062757595779,1.7106097508132545e-10,1.7107485536051382e-10
ABW,1994,0.0002283801063539836,0.0007038628575402564,1.795691241360925e-10,0.009515290978167458,0.00043765485346688174,0.002928364220496192,0.010751607245620498,0.9747109296329343,1.7957466143909704e-10,0.0007239097462765322
ABW,1995,0.000408842396755264,3.666638288722415e-08,1.4645784298538466e-10,0.008994665117081932,1.4645782015061321e-10,0.0008773338250155084,1.464227653928519e-10,0.9874910626669318,0.0022194910906245487,8.567797869760786e-06
ABW,1996,1.3098963107744432e-10,1.3097897827068538e-10,1.3097959155845822e-10,0.02734808736135843,0.008172345218664058,1.3097900978219516e-10,0.005257626000932838,0.9574244766979139,0.0017974640662289615,1.309745953342661e-10
ABW,1997,1.0292677902854946e-10,1.0291802808467865e-10,0.009366502112391218,0.0852533065924119,1.0291546860623705e-10,0.0012189880461555358,0.002286932677625687,0.9018742700568305,1.0291133599571127e-10,1.0291363554739108e-10
ABW,1998,1.5311672052295452e-10,1.5311368795125488e-10,0.05940806675877722,0.03530510605335276,2.326561593858137e-05,0.0028824524005681097,0.00628075066171687,0.896100357897159,1.5313738110784701e-10,1.5311967739059554e-10
ABW,1999,1.1150455167559547e-10,1.1149785679851338e-10,0.04348073111912023,0.03767129429528967,1.1150059241579637e-10,0.0015866231241246866,0.008172004478695101,0.9090893464252657,1.1149466432776931e-10,1.115070013995887e-10
ABW,2000,9.11030443329772e-11,9.110057541626762e-11,0.02799098775033894,0.0340402965133922,9.110719057668514e-11,0.0013247330966827267,0.005448325821434133,0.9286712694657617,0.002524386987969601,9.110987508551145e-11
ABW,2001,1.2830343374066905e-10,1.283015574157198e-10,0.017293516411763535,0.016682288229934974,1.2831786588114384e-10,0.0007917143792546781,0.014944048842019523,0.9455240937068661,0.003805784749281535,0.0009585532959567606
ABW,2002,1.7268742372933478e-10,1.726724952741873e-10,0.016926044903567108,0.8704274753618745,0.06991208076616011,1.7267710300331015e-10,1.7268604138611944e-10,0.0030443447628612425,0.039690053342123846,1.7269007309798082e-10
ABW,2003,1.496145486186007e-10,1.4960922501536933e-10,0.02150173908684843,0.9127283537687567,0.014139271667794608,0.006603446419386888,1.855751113795375e-05,0.045008630947621614,1.4961148255686593e-10,1.4961850583647391e-10
ABW,2004,7.824859100235564e-11,7.824373698424921e-11,0.030002427116253495,0.03041646642482115,0.004820013259356783,0.0001441452754708188,0.018568296620253895,0.9158986600846497,0.0001499909844512087,7.825069401772098e-11
ABW,2005,4.96404362771315e-11,3.0023080432898938e-05,0.0023900195275035436,0.9380691191184856,0.0299764639756163,0.0018216853064507545,4.964283371301463e-11,0.0004398659133342306,0.027272818008096323,4.970796973389267e-09
ABW,2006,4.519129782209516e-11,0.000678790379334368,0.0040055157870919665,0.9470194092572831,0.011005825561068218,4.519221386302613e-11,0.014193139541931707,0.00027772166494566486,0.022732866001687408,8.673171627416987e-05
ABW,2007,0.00042617099519300116,2.858739555195426e-07,0.0014042856893861796,0.9177149931276842,0.001299431017570317,0.012713237772752052,0.00037472941174145774,0.0001273156124736519,0.060768165249481004,0.0051713852497623945
ABW,2008,2.4014715867766847e-08,0.0007613835546170847,0.001363939606381971,0.9361761050898638,0.020649613936937324,0.005584401530825408,0.032049881988697584,0.00030334460913633365,0.0028878534546123297,0.0002234522142120477
ABW,2009,0.017805194328457105,8.381721151015241e-11,0.026329265474504822,0.8931051896442056,8.38191339964391e-11,0.02832237007300385,0.03084120328254636,0.0006707090403735666,8.38153635283895e-11,0.002926067905457207
ABW,2010,3.249539564514374e-10,3.2496192546782066e-10,0.017529995290168465,0.4456898070357396,0.4234523508992111,0.010994459952925688,0.07325203976297835,3.2494387060218406e-10,0.006433926859729968,0.022647419224386886
ABW,2011,4.055833729977341e-11,4.055879653778999e-11,0.004607020987904875,0.8201939480050181,0.04067843597576018,4.056132565078469e-11,0.07256977131916911,4.05633603913996e-11,0.06194802459180799,2.798958098115679e-06
ABW,2012,8.596728748331691e-11,8.596966643345619e-11,0.0005699073619150399,0.740302439020947,0.05368762756350594,8.596797685506675e-11,0.0014854792072567528,3.803181867805724e-05,0.2038723567642529,4.4158005539324255e-05
ABW,2013,2.3201949501985868e-10,2.320193056922059e-10,0.023119359529119803,0.40247127392812204,0.1430268108699558,2.320157576156205e-10,0.4313825542806865,2.3201396766690757e-10,2.3202253771058594e-10,2.3202501798432798e-10
ABW,2014,2.404315172214689e-10,2.4047361937713475e-10,0.017927988266157192,0.12062674619339366,0.12105210754463612,2.4044303618916754e-10,0.7398402542733087,0.0005529025202521393,2.404424018214335e-10,2.404615398232556e-10
ABW,2015,2.7528026468195846e-10,2.7526784767649087e-10,0.03393865069482941,0.34454253709462623,0.11306708083996471,2.7527126945834093e-10,0.3517449047939034,2.75288156047105e-10,2.7528156652289255e-10,0.1567068252002871
ABW,2016,8.284262185702599e-10,0.0013842167237862258,0.056858260833536046,0.6533097051249599,0.10692814877947057,0.01440677126029394,0.1260118893255775,0.010734647145818708,0.012139440714279628,0.018226919263851275
AFG,1962,1.1897739859258066e-09,4.180602435233929e-05,1.1895105700198472e-09,1.189474144946983e-09,1.189573824438064e-09,1.1894401140344376e-09,1.1893355143270953e-09,0.5697969873072845,0.34855048787816406,0.08161071165309113
AFG,1963,9.804107378520695e-10,9.804260457163483e-10,9.805068211473695e-10,9.805793264694931e-10,9.805100534028504e-10,9.80414956816295e-10,0.0005504411658254825,0.5876550857250651,0.29558849082278293,0.11620597640347853
AFG,1964,1.1841568637005044e-09,1.485100894324166e-05,1.1839754444455162e-09,1.1839890271877902e-09,1.1841494937257204e-09,1.1839804585927317e-09,1.1838703419514177e-09,0.6830473230008312,0.30995903223196725,0.006978786654136768
AFG,1965,1.095725424439733e-09,1.0957477535809707e-09,0.00024913790031040964,1.0958050428202121e-09,1.0958342072472162e-09,1.0957557508114611e-09,1.0957134820889678e-09,0.7723357559623769,0.1665791928791715,0.0608359066835594
AFG,1966,1.2225492321808153e-09,1.2220443232794465e-09,1.2217092450022764e-09,1.2217768674105822e-09,6.192564260839216e-06,1.2217200850020238e-09,1.221600535465335e-09,0.7499173340477443,1.2218932639735838e-09,0.2500764648347013
AFG,1967,1.1028140533999068e-09,1.1028927489061045e-09,1.1029713175864638e-09,2.1040319137403476e-06,1.929917252036117e-05,1.1030004360288563e-09,0.026964322995651702,0.6857706792231812,0.28672305099729833,0.0005205391677560843
AFG,1968,8.831160467366586e-10,8.832008718001651e-10,8.829772742627652e-10,3.1400388267690616e-08,2.1759821300117294e-05,8.830164165830345e-10,0.05365390204783648,0.4823078544494339,0.4621746215057638,0.0018418272429667729
AFG,1969,1.2878027264069716e-09,1.2878550151063905e-09,1.2878552803035314e-09,1.2878967908999322e-09,1.2878911942525778e-09,1.2878090823814236e-09,0.001435455217794431,0.669106270188218,0.0640284541010197,0.26542981276585775
AFG,1970,8.643878397191222e-10,2.9479378844834938e-05,8.643691227078763e-10,3.23932987013361e-05,7.270501804544607e-05,8.643324864566942e-10,0.09768726754219748,0.5608763027624011,0.3319873738901388,0.009314475516581598
AFG,1971,7.157625790564082e-10,7.158029404453808e-10,7.157748741854588e-10,7.157881206594746e-10,7.157793086513384e-10,7.157663584585884e-10,0.08360974640577835,0.5954202936286425,0.24483155628099623,0.07613839938990884
AFG,1972,6.344203509719772e-10,5.8511605820589356e-05,6.343756327288327e-10,6.344252660867044e-10,9.001848373826017e-07,6.343589154926412e-10,0.1029903746404675,0.6732536630048355,0.20300101385794372,0.02069553416851517
AFG,1973,5.160641376524499e-10,5.1608706318004e-10,5.1611015418138e-10,5.161463838939668e-10,0.0003259310401967383,5.161198442711992e-10,0.08194914484589214,0.7407868373764442,0.16365636277436635,0.013281721382572838
AFG,1974,3.7596788581724564e-10,0.00010765004872481098,0.0004032803592684248,2.7509829286649377e-06,1.8126250271860492e-06,3.7596171961183006e-10,0.1111422592393189,0.7530483206047199,0.1234990492546689,0.011794876133413625
AFG,1975,4.168001938904762e-10,4.1681769225489333e-10,4.168693656934932e-10,0.0019019054918460333,4.7097600714936795e-09,4.168132285118331e-10,0.17587411829257837,0.6430026251591896,0.16819023931574703,0.011031105363578455
AFG,1976,3.2276233132666884e-10,4.964987546618411e-07,3.227293536368793e-10,0.0022997488590995457,0.00023757249341711082,3.2271151222588737e-10,0.1115117092701915,0.6858322960617024,0.1913296150120229,0.008788560836608719
AFG,1977,2.533699812011152e-10,7.756212220598275e-09,2.5335326774062476e-10,0.10902207462001424,2.542047292496159e-06,0.00035351251166371904,2.5331019683464066e-10,0.8326227528485965,0.05649716493555556,0.0015019445206317101
AFG,1978,6.138847599611522e-10,6.139392267606745e-10,0.011624860128203148,6.138772083197437e-10,6.139503538417203e-10,6.138961143750351e-10,6.138330328289017e-10,0.924989299690932,0.0002073144740644905,0.06317852202341957
AFG,1979,0.00014135153983083323,4.683740612944325e-10,4.683215139475793e-10,4.683574799746259e-10,4.683438281158184e-10,4.683130347006703e-10,4.682684721792276e-10,0.9130082143659598,3.513771421511269e-05,0.08681529357001601
AFG,1980,5.550384211922792e-10,0.0008316431210709392,8.904173392744787e-05,5.549470883093693e-10,5.549759624153528e-10,5.549137576272849e-10,5.548836544221954e-10,0.8171323888336038,2.719091643585149e-07,0.18194665162747445
AFG,1981,0.0008715977929957183,6.345343322254212e-10,6.345053547891739e-10,6.344833299181852e-10,6.345648002578566e-10,6.344648220241077e-10,6.344212777178557e-10,0.8617781201911117,6.345462900804892e-10,0.13735027757437243
AFG,1982,5.126370541779413e-10,0.00020354412747686414,5.125636889425275e-10,5.125792508064483e-10,7.495596283105517e-06,5.125925392321297e-10,5.125078119955504e-10,0.9646729929051983,0.02096743228931366,0.0141485325188479
AFG,1983,7.403218691849252e-05,6.322173259199277e-10,6.322431309137175e-10,6.32207458935669e-10,0.0005654262232378984,6.322273476146742e-10,6.321239720130699e-10,0.9391976918138853,0.05377025027497493,0.006392596339963797
AFG,1984,6.668851692737441e-10,6.668514450477548e-10,6.668056862627253e-10,6.668898000128457e-10,0.00029325613281708376,6.6678209694108e-10,6.667095228229985e-10,0.878623922772984,0.0024654107990518368,0.1186174062942232
AFG,1985,4.866374561712984e-10,4.867006183574701e-10,0.0016054311320935135,4.867111711021991e-10,0.021636081562693397,4.866483927398158e-10,4.866120167939651e-10,0.7045293737147901,0.2450450439244431,0.0271840672326701
AFG,1986,5.874789659249941e-10,5.874518028889377e-10,0.00013848473252988476,0.09252555442949105,0.004475890683315905,5.874142929790159e-10,5.873785025124361e-10,0.8459787532965306,0.05653620330685628,0.0003451112015526683
AFG,1987,4.155239406575093e-05,0.0013268302625732658,5.384216650974053e-10,0.000890100330461334,0.01195778384798651,5.383924399277398e-10,5.38337275104978e-10,0.8149842799770786,0.1707381773412279,6.127423145523585e-05
AFG,1988,6.303899919509679e-10,0.00041573869499668224,6.30376995671855e-10,0.007591091724074389,1.273922407317586e-05,6.303580770999407e-10,6.302754817935339e-10,0.8908374457323558,0.08813668201509778,0.013006300088001499
AFG,1989,0.001425814169256035,0.006665284687570522,7.282107878173792e-10,0.0008643040126231384,0.00551012282767271,5.979799426715583e-08,7.28038174524047e-10,0.9855344115922444,7.281880080294131e-10,7.282019847109901e-10
AFG,1990,0.003643324568817314,0.008212083517650036,7.556747338177799e-10,0.0009275369199019268,8.709381723048552e-08,0.0005629981512628136,7.555804295515836e-10,0.9805030471072099,0.003332398756182401,0.0028185223739031675
AFG,1991,0.00825703080687525,3.819974990949834e-06,8.979544407875864e-10,0.03313083554420415,8.980216643919075e-10,0.005984236865232774,8.978136087985016e-10,0.9359031035173726,0.01672096969951181,8.980227699083215e-10
AFG,1992,1.2630421752169712e-09,1.2631353005515262e-09,1.2631452717173952e-09,1.2631615746899641e-09,0.03457648957036849,1.2630714534874796e-09,1.262935783495267e-09,0.9501888559196551,1.263159910681915e-09,0.015234645668325015
AFG,1993,1.4973475600789193e-09,0.002523406327058074,1.4973885648560808e-09,1.4972988607245057e-09,0.013128310322777894,0.009351905664146253,1.4970381205304593e-09,0.8305317031103108,0.144454879093397,9.789493236815309e-06
AFG,1994,1.0930549202621175e-09,1.0931012567255901e-09,0.04095515100591795,1.0929419174328516e-09,1.0930272721585035e-09,0.03581058815856609,1.0928437244407842e-09,0.9219073199761709,1.0931075758851532e-09,0.001326934301268576
AFG,1995,9.861372788760586e-10,9.862384772857679e-10,9.8623332081223e-10,0.03655507051817052,0.047872738743608506,0.019995394089950363,9.860190693455641e-10,0.8561674191040454,0.022699109836427183,0.01671026376316996
AFG,1996,8.909891233007583e-10,0.00033564780661188737,8.910122515263035e-10,8.90938348559648e-10,0.03914046629211917,0.0010284568802832567,0.21624005698393892,0.6406898597742745,0.09935801689686129,0.003207492692971294
AFG,1997,6.653963889288144e-10,1.2969003317938313e-08,1.8307890398851647e-08,6.653797681042861e-10,0.1896731691190165,6.653797516825124e-10,6.653098703840968e-10,0.6360322183642491,0.17135711881021234,0.0029374597681626115
AFG,1998,6.214186528490873e-10,6.214060155816774e-10,6.213782168187433e-10,6.213756371553455e-10,0.2081444592308021,6.213475271889153e-10,0.06140346291573199,0.5840805655101334,0.13534538973344368,0.011026119502962539
AFG,1999,2.555385411945454e-08,4.321403335592332e-08,7.511433622621201e-10,1.7229419580347764e-06,0.1009339424096016,7.511251488222563e-10,7.512460773548113e-10,0.5937674697668281,0.3033525838652112,0.001944209994999043
AFG,2000,0.0040861318044568655,4.5644231979245535e-06,0.003394547518995979,7.993506900280049e-10,0.029450050939636378,7.993089480175266e-10,7.991650849927761e-10,0.6923380711610291,0.23331884855634802,0.037407783198511006
AFG,2001,0.01931969896806896,1.2717981232703212e-09,2.9385847848020457e-05,0.01175483196853086,0.053743484831623396,0.012644790250458084,0.013503036221027706,0.5508337415016513,0.21430701768065757,0.12386401145833595
AFG,2002,0.006503758688840897,1.1982343837576468e-09,0.00014594254544782418,0.07801503640635943,0.11524970829384092,1.1982668001449777e-09,1.197976883364454e-09,0.5265082328582675,0.25796875369425243,0.015608563918512878
AFG,2003,0.0007539891278138363,6.386936091669306e-10,3.229512730478806e-05,0.08138299184353305,0.09506976017800124,6.386607531346781e-10,0.318241437665981,0.42408419081323884,0.0802159285257878,0.00021940544098506361
AFG,2004,0.0001644619468257441,6.644828094623271e-10,6.644775336023576e-10,0.21244909133992415,0.046819471374578966,0.02159890286917245,0.04939473470272551,0.5566601061903811,0.09729992333181224,0.0156133069156195
AFG,2005,4.933785517214507e-10,4.933787338628794e-10,0.015628898180738086,0.3623778990994434,0.008641679860580703,0.04128263039873704,4.932800956462848e-10,0.3622692372401718,0.031906082566847356,0.1778935711734443
AFG,2006,0.002759470774891853,4.064216407028252e-10,0.008409829621678098,0.17185279232786682,0.018746893799192796,0.0015392363065682862,4.063276159291446e-10,0.6920043231306768,0.08741162215174281,0.01727583107463317
AFG,2007,0.03693402129507556,2.5458997397083386e-10,0.00030922176599861777,0.2230117442801931,0.09667993865363239,0.012357185084808868,2.545341599741968e-10,0.5563074548977035,0.0018735622415694828,0.07252687127189447
AFG,2008,9.691646627130804e-05,2.0517357174831918e-10,0.0003591286804679432,0.20733243049340797,0.22427739397061372,0.0058045019272882,2.0513639263023456e-10,0.5209813205741337,0.04106854969530013,7.975778220692297e-05
AFG,2009,8.15679114700809e-11,8.156761970169078e-11,8.15610680180166e-11,0.12014968488058893,0.05883469062947631,0.5044131316388719,8.155381689329041e-11,0.23347027994596145,0.010611171968060759,0.07252104061079014
AFG,2010,1.7394801004578355e-10,1.73955034147748e-10,1.739527687942022e-10,0.1957231699597965,0.12092825430707778,0.041608210304993364,1.739243048877428e-10,0.5896046123839375,0.010356349685659629,0.04177940266275543
AFG,2011,1.2658861510539477e-08,0.0009157483441497394,0.07395602380857542,0.05750362459876556,0.12650516759324656,1.868426992371492e-10,1.8680550337469756e-10,0.4784389692901631,0.2626804531457595,1.8683045226067035e-10
AFG,2012,0.00212484665457853,0.013359924563647787,2.2164121315764692e-10,0.13702545775322914,0.04028178085486418,0.00012406993708768122,2.2162381330479422e-10,0.4507619161474263,0.35632200342424863,2.2165277887126636e-10
AFG,2013,1.3165236370390912e-10,1.3165167842654724e-10,0.0004741754699109005,0.07234991437483271,0.11091448960882587,1.3164879218935685e-10,1.3162955078761708e-10,0.6161221130074311,0.2001393068807698,1.3164705214053213e-10
AFG,2014,0.0004796990403806428,0.0025369282793133723,1.1598372668713135e-10,0.14032188121409273,0.016851027644089533,0.0003862180992581085,1.1596726691630508e-10,0.5366908869458387,0.30273335842908655,1.1598927906970026e-10
AFG,2015,1.2457310520853259e-10,0.000954968141210269,1.2456821696484623e-10,0.016192030725280648,0.019069898338616314,1.2457288095521013e-10,1.2454766679657365e-10,0.7208616107156849,0.24292149145637082,1.2457527978813766e-10
AFG,2016,0.00039845940875052067,0.0023976868359724133,1.3121824721434454e-10,0.029388378494501582,0.009882569554099515,1.4246407284628586e-07,1.311917534853771e-10,0.5817682507666887,0.37616451208228885,1.312155414736534e-10
AGO,1962,7.576117357596583e-10,4.919769281232045e-05,0.021580939539817476,7.574878727633231e-10,7.575880365184873e-10,0.00015130729062893823,0.007421473049888711,0.7395960457781363,0.23120103361850944,7.5751913612945e-10
AGO,1963,6.499416418911728e-10,0.00016301084626602316,6.498585472627453e-10,6.498482410582213e-10,0.00016844431837175711,0.0006142218901492656,0.02281218996524489,0.7765770412896824,0.199665089090717,6.499201604687264e-10
AGO,1964,9.217061978992036e-07,1.4360188062412914e-06,0.11270834324214303,4.3988081192809837e-10,4.3991722660310525e-10,4.399370555753569e-10,0.012037231302026252,0.6788362178202136,0.19641584815099986,4.3987791249060973e-10
AGO,1965,4.6110885286987844e-10,4.6111036881896865e-10,0.135536407625431,4.6110948455834573e-10,4.61152700880391e-10,4.6118190711151847e-10,0.0037308005869147614,0.6653160421897389,0.1954167468311209,4.611311805616639e-10
AGO,1966,4.359468970708565e-10,4.3594508333089935e-10,0.19042789930727214,4.3594811189244225e-10,4.359682267815555e-10,4.360047093021436e-10,4.359425644793782e-10,0.6399657351792833,0.16960636246173066,4.3595817118173905e-10
AGO,1967,1.0486281927538413e-06,6.427881055169035e-06,0.17804221071337478,4.0977801912338384e-10,4.0981438931961594e-10,4.097989260605275e-10,4.097580216099628e-10,0.6573515476015495,0.16459876312690455,4.097740076379113e-10
AGO,1968,3.345971243669342e-10,3.346036339673934e-10,3.3459073489967803e-10,3.3454551515551774e-10,0.00011371764030470786,3.346044269917503e-10,0.00043150871846399597,0.7503478415177308,0.24910693011598734,3.3457155795357795e-10
AGO,1969,2.88037177960052e-10,2.880412948178922e-10,0.0001567865458445,2.880370685060896e-10,0.000967803797109042,0.00010557532174858565,0.02831655271910632,0.6223301121104268,0.3481216062557405,1.5623859087119962e-06
AGO,1970,1.1873996970585803e-06,9.624595528719862e-06,0.14311157268934294,2.1998792676532964e-10,2.200102283080341e-10,2.2000127988282775e-10,0.06782752751358183,0.5192165443563064,0.26983354256555064,2.1999308746325479e-10
AGO,1971,1.1132123449640828e-06,7.782170355310016e-06,0.09420684566169235,2.0079118583456673e-10,2.008068005387532e-10,2.0080045974808196e-10,0.08184263522396049,0.5657981895472451,0.25814343338121426,2.0078902028970198e-10
AGO,1972,1.7371679845930193e-10,1.893795216011816e-05,0.088572225750666,1.7368705176877694e-10,1.7375911754079466e-10,1.736979797202526e-10,0.12002720746589858,0.555011834512628,0.23636979345010475,1.7368180662608423e-10
AGO,1973,1.3157326073071909e-10,1.3156959919549566e-10,0.0009556418334811866,1.3157162242043666e-10,0.01510353720046224,1.3158812809985035e-10,0.11685795854116363,0.602676113220242,0.26440674854677126,1.3157723960634375e-10
AGO,1974,8.111928828618822e-11,8.111769668599491e-11,7.322181781811993e-05,8.112359657373504e-11,3.4801085455755056e-08,0.00015759001730724197,0.18251473024723647,0.5934105442677512,0.22384387852431745,8.112339131962042e-11
AGO,1975,1.1583381660224784e-10,1.1583976137958756e-10,0.0009401611518645497,1.1583012288720396e-10,1.1583983975571381e-10,0.0017107353384678277,0.2570702117891172,0.6273897560238999,0.11288913511746894,1.1583799080436904e-10
AGO,1976,1.829061762349508e-10,1.8290365880164528e-10,3.8897192280858625e-05,1.8290740906826418e-10,1.8291164438929103e-10,0.0012152681156843597,0.2847137552193849,0.6996190172528232,0.014413061305287843,1.8290994928914024e-10
AGO,1977,2.2682767673455945e-10,2.2684641177131366e-10,0.0026726255909631106,2.2684284900184826e-10,2.2684895817861487e-10,3.9449452315231305e-05,0.3039628447154539,0.6894055266597287,0.003919552447328917,2.268444136018852e-10
AGO,1978,3.3982019444494755e-05,2.212668795796497e-10,0.17291406662683428,2.2124106926067113e-10,4.027300441780326e-06,2.2130757531754666e-10,0.3383565528141886,0.4886913701327362,2.2127028336329865e-10,2.2126859119690533e-10
AGO,1979,1.6017022352694464e-10,1.6016094469732623e-10,1.6017461815681873e-10,1.6016638617656209e-10,0.015952916467525346,1.6018941255586526e-10,0.6647964634058773,0.31925061900538615,1.601838571249665e-10,1.6016597535966003e-10
AGO,1980,1.1339828263758648e-10,1.1340008692853087e-10,1.134103101955701e-10,1.1339334286867927e-10,0.0017109484022822996,0.0003165332905986431,0.7774176175704689,0.2204941277477058,6.077242194634706e-05,1.1339595958011178e-10
AGO,1981,3.0512712194744793e-06,7.047012662900685e-11,7.047004290174989e-11,7.046520480886727e-11,7.047776428659634e-11,0.0002790695412073853,0.8847833110936827,0.11187737200360055,0.0030571957379419384,7.046474851934651e-11
AGO,1982,9.188544057738064e-05,8.200390279307131e-11,0.00028800195131763504,8.200442884362917e-11,1.445419842212928e-07,0.00016741818122531962,0.8981560833552297,0.1009331435503938,0.00036332273326027353,8.200348504313188e-11
AGO,1983,6.287643204658243e-11,6.287436605964928e-11,6.286871595721123e-11,6.287017616373644e-11,6.287562234416758e-11,0.00012427072046836216,0.8953972843799692,0.10447844445945713,6.28683820402779e-11,6.28716508682175e-11
AGO,1984,1.16336500800887e-06,5.432906757069013e-11,7.703149485512023e-05,5.4321257205552684e-11,3.345526531049359e-05,1.9628956028049717e-05,0.9319211876895035,0.06794753301200267,5.431804401854661e-11,5.4323741888877915e-11
AGO,1985,1.445875282369073e-05,2.2021279375978763e-07,4.7692857850068965e-11,4.769505400903381e-11,4.769962153700192e-11,6.323252481113343e-05,0.901898558728182,0.09802352954291414,4.7694395135896336e-11,4.7693260030343195e-11
AGO,1986,2.808220950862969e-05,7.05861585905515e-11,0.0006116484586513874,7.057730293533977e-11,1.7800897947041684e-07,0.00011018621038495629,0.9328723065223837,0.06637759830776212,7.058287350465154e-11,7.058311411531548e-11
AGO,1987,8.688177331671563e-07,2.3909033350123245e-05,0.029135255435763792,4.749971083262113e-11,4.750543741955094e-11,1.1581091535529553e-05,0.9226284940307357,0.048199891400874516,4.7500797206450935e-11,4.750128849355788e-11
AGO,1988,1.7293632362694011e-06,3.87324963747156e-11,0.07335988601433838,3.872841664248571e-11,3.8729838515191584e-11,3.873141880692792e-11,0.8865133503053515,0.0397415409206337,0.0003834932027900877,3.872791719863074e-11
AGO,1989,2.2252202240195216e-05,1.9917480314955278e-07,0.07855759975961484,3.251673904362051e-11,3.2520760891471255e-11,5.724511435649286e-07,0.8980794164543965,0.023339959827731068,3.251624406137104e-11,3.251720942809787e-11
AGO,1990,2.5437637277388434e-11,5.053026204641065e-06,0.06603874121002505,2.5432069778611538e-11,2.5434424930167314e-11,4.573963039684089e-06,0.9129271402559431,0.0210244914176201,2.5431621644936295e-11,2.5431782392416002e-11
AGO,1991,1.4540429507067292e-05,6.404291203076995e-06,0.015678140853345204,3.199454484700073e-11,3.199555436493291e-11,0.00015286298049487952,0.9667219980216003,0.017426053295874804,3.199172713996124e-11,3.199287001403241e-11
AGO,1992,5.1582377717421596e-08,7.05848084257782e-06,0.049874685278344044,2.7687664917400125e-11,2.768916114908993e-11,7.807786733924705e-05,0.9236890784048452,0.026351048275499223,2.768839172602172e-11,2.7686751136415145e-11
AGO,1993,4.535251863187135e-05,3.186734413974449e-11,0.04500685182027987,3.186496080508293e-11,3.186775778055447e-11,9.843970579962214e-05,0.932524391570608,0.02232496422535056,3.1865257847404304e-11,3.186482338334168e-11
AGO,1994,3.3018539103874035e-11,3.302074839713548e-11,0.0405388007783964,3.3018795772565924e-11,3.301994816419338e-11,7.040755148037161e-05,0.9268997026093911,0.03249108886261814,3.3017784582475274e-11,3.301795133963214e-11
AGO,1995,2.8409687240895214e-11,3.974011390143753e-06,0.0455756997402934,2.8407717284008663e-11,2.8408478450357036e-11,3.39055199185809e-05,0.9187797293179311,0.035606691268428595,2.840577435740598e-11,2.8406625511243335e-11
AGO,1996,2.116364183992329e-11,5.002460224618514e-06,0.05281522389599148,2.116201023008664e-11,2.1162302083795414e-11,6.827052322261757e-05,0.9237551597895381,0.023356343225213683,2.1160495146633234e-11,2.1160958433538718e-11
AGO,1997,7.947181446374372e-07,2.2417525066200865e-11,0.07162297093344779,2.241407450564975e-11,2.241615472207001e-11,0.00039568329694253867,0.9106705489071012,0.017310002032286238,2.2415177712481083e-11,2.2414566446947165e-11
AGO,1998,2.2729961711105014e-05,9.350990747592135e-06,0.09631163991827064,2.7500125406570654e-11,2.750502413031386e-11,3.307355717149915e-05,0.8779800349480084,0.025639203816552977,3.966725033331502e-06,2.7499482340569717e-11
AGO,1999,2.2004119089516947e-11,2.20065466028012e-11,0.11839850335297816,2.2003093009671322e-11,0.00016067890598696756,1.7061347939414224e-09,0.8596851614665189,0.021541513324457088,0.00021414115590780278,2.2002648424550316e-11
AGO,2000,1.2873657323494801e-11,6.2764002362856375e-06,0.07984642562638351,1.2872545355809867e-11,1.2872168338391567e-11,3.3558870892530264e-05,0.9199553531286067,1.2873461679146775e-11,0.0001583859095172744,1.2872059295129386e-11
AGO,2001,3.3246789069883916e-05,7.518097731093721e-06,0.08484269426361733,1.5601169391679102e-11,1.560134896541646e-11,1.5601931095965885e-11,0.9150184701732017,2.68357728856516e-06,9.53870366849333e-05,1.5601938753715517e-11
AGO,2002,2.9273188687100167e-05,3.53085163919343e-05,0.06522996147981548,1.3290170956551311e-11,1.3291091452525064e-11,4.283594688839456e-05,0.9346420297425518,8.432077372821482e-08,2.0506765018367326e-05,1.3291888514227172e-11
AGO,2003,5.069435627326365e-06,2.4310853259659775e-06,0.031486963025685114,1.1306173844032313e-11,1.130796703302024e-11,6.485120585507098e-05,0.9683791475666359,1.1306964805337574e-11,6.15376356428346e-05,1.1306755066368732e-11
AGO,2004,8.245317259383243e-12,8.245949966146976e-12,0.012829890252235682,1.6826175875770867e-08,8.245172689909355e-12,0.0001889653280592184,0.9869771032228238,8.246074944445805e-12,4.024329477172452e-06,8.245721051270558e-12
AGO,2005,4.768853438403621e-12,4.769057217230604e-12,0.03204980890115431,4.768997566506043e-12,4.769087714089297e-12,0.00025223970402462643,0.9676979513614383,4.7687941360498586e-12,4.7688875996706384e-12,4.768926051790046e-12
AGO,2006,1.596817220085062e-05,2.019575355041534e-06,0.019980233111392673,3.2899048781396007e-12,3.2902986216505682e-12,1.2053928792211426e-06,0.9800005737317214,3.2899821179272537e-12,3.2902935738910458e-12,3.2901664535432337e-12
AGO,2007,2.378488862577935e-06,4.738702784004986e-05,0.00802060940729412,2.4243865460766734e-12,2.424276598055637e-12,4.614961648477575e-05,0.991883475447397,2.4242469541197227e-12,2.4243339058177465e-12,2.4242049190879383e-12
AGO,2008,1.5537118803937636e-12,1.8721165815095663e-06,0.013830730061781468,1.5535822226562809e-12,3.89382738402493e-05,3.193542625945095e-06,0.9858828075213769,1.5534865399080483e-12,0.0002424584775795348,1.5535269503561693e-12
AGO,2009,0.00019336433290982372,0.0025316098625767555,0.011467294696484826,2.4909467150734943e-12,2.491252678269829e-12,0.0007580794210972575,0.9850496516744764,2.4908797807130564e-12,2.4908993325213783e-12,2.4910770273295036e-12
AGO,2010,1.9625925482774726e-12,1.9626750782994577e-12,0.004348565551307393,1.962899821357842e-12,1.962785536787666e-12,0.00353657087417965,0.9921148302758229,1.9626125327872714e-12,1.962657970793921e-12,3.328691377072526e-08
AGO,2011,3.33960716773084e-05,2.8248180836614015e-06,0.008013305447421803,1.554169633557114e-12,8.15336439663834e-08,6.686856664623185e-05,0.9918745895683664,1.5540553792090618e-12,8.930655104429902e-06,3.335947963795626e-09
AGO,2012,1.2068242176382515e-06,3.673001872592587e-06,0.010987397919028948,1.3397481136474247e-12,1.3399652507589748e-12,3.360547304984909e-05,0.9889741167751317,1.339754274594218e-12,1.339713483136564e-12,1.3399007382429633e-12
AGO,2013,2.4752898538175467e-05,7.720938233619513e-06,0.009163961309260586,1.4119346033629107e-12,1.4120561328935713e-12,1.0439664726560294e-05,0.9907931251821814,1.411918988648857e-12,1.4119182413594976e-12,1.4119841686633958e-12
AGO,2014,1.1395936415938662e-06,2.264845031835532e-07,0.012875090833844617,1.6122907867911367e-12,1.6123978966283511e-12,1.9629152713796373e-05,0.9871037169410228,1.6122310018285927e-12,1.969878248630692e-07,1.612271467750013e-12
AGO,2015,2.4135878049506415e-06,1.1929115246677106e-09,0.024343311752597668,2.8953085018289852e-12,2.895514408858313e-12,1.4544974107322874e-05,0.9756374532635098,2.895242304094759e-12,2.2752174871756355e-06,2.8953065849178783e-12
AGO,2016,3.870807457799331e-12,3.871183227651444e-12,0.03877634728536534,3.870774192940711e-12,3.8709799483151015e-12,0.00015458084170680595,0.9610605367612076,3.870637155584245e-12,8.535088495113336e-06,3.870853919514678e-12
AIA,1981,1.7953643219823073e-05,1.7954320880767386e-05,1.7953851839572735e-05,1.7954896926717794e-05,1.7954327426953634e-05,1.7954075666854074e-05,1.7953677426686533e-05,0.9998384075425484,1.795965293080632e-05,1.7954011133594665e-05
AIA,1982,3.292247082031229e-06,3.2922985651015504e-06,3.292292174729555e-06,0.9383563675476774,3.2923727200981908e-06,3.292651867291191e-06,3.29228250616099e-06,0.0616172928028271,3.292868172063691e-06,3.2926364078912375e-06
AIA,1983,1.825150574922826e-05,1.8251781477516337e-05,1.8251720583697842e-05,1.8253942542523186e-05,1.8251669362691666e-05,1.8252346443471656e-05,1.8251572139294494e-05,1.825570487903629e-05,0.9998357275358581,1.825222096444988e-05
AIA,1984,6.104872797126749e-06,6.105000766201792e-06,0.4563951034925071,6.10566757149278e-06,6.106382750693742e-06,6.105190265997524e-06,6.104895828336498e-06,6.106366881939994e-06,0.543556052957589,6.105173042013491e-06
AIA,1985,1.2843186110411147e-05,1.2843455353558317e-05,0.1423347641031414,1.284485813713554e-05,1.2846362108650892e-05,1.2843854021987864e-05,1.2843234563805537e-05,1.2846455672954702e-05,0.8575624806730879,1.2843817802153539e-05
AIA,1986,5.247062625144447e-08,0.003911429425680226,5.2477209324230294e-08,5.247898757977369e-08,0.008444590223277721,5.247127368564841e-08,5.2467821944767245e-08,0.005493360318936225,0.9821503051841013,5.2482085763110243e-08
AIA,1987,3.0479955448992544e-07,0.001391170281576839,5.259515538945441e-06,3.0483478274839696e-07,0.1708375342147867,3.048218797374167e-07,3.0476440198957733e-07,0.8277642071508257,3.0477572462174225e-07,3.048409281296592e-07
AIA,1988,0.4668945992547402,0.20088523876833722,8.602549943516277e-08,0.012518779625715258,8.602658419013315e-08,0.006161874823059133,8.600889360251295e-08,0.15694205798416921,8.602175075711646e-08,0.15659710546125097
AIA,1989,9.114917033086565e-09,0.09093674137783521,0.002487322363042303,9.114297369484229e-09,0.570400756897689,7.591020050478999e-05,9.113701499547223e-09,0.09499532989125332,9.114375194186426e-09,0.24110390281238422
AIA,1990,0.0004300019617250976,3.427879180692402e-08,3.42773217830763e-08,3.42796998392659e-08,0.14668505819425784,0.11483268691005903,0.003693433175115978,0.7195721878322122,3.427881313929818e-08,0.014786494812003035
AIA,1991,0.3376794695169214,0.05389845066999236,0.15609127583775131,1.0860019846938672e-08,0.07774964042779813,0.1967526807873939,1.0859020178847072e-08,0.14562521040599685,1.0860223882712027e-08,0.03220323977488187
AIA,1992,0.8588024807329048,4.658529963025632e-08,4.659008906528441e-08,0.06191371206741538,4.451698799040245e-05,4.658629076787049e-08,4.658022232515708e-08,0.0792390106899566,4.658963021074854e-08,4.6590200947808626e-08
AIA,1993,0.01569216582049813,1.098870232572703e-08,1.0987141154704167e-08,1.0988042666620894e-08,0.8717895033356208,1.0988979216037561e-08,1.0986639472785336e-08,0.10566654035213077,1.0987746419033415e-08,0.0068517245644991965
AIA,1994,7.81780081465207e-06,4.174530352887422e-08,4.174104332775403e-08,0.12953066453516526,0.07075103750108283,0.14441493922811108,4.173534720559476e-08,0.20658698767741976,0.02823368832322846,0.42047473971248395
AIA,1995,0.12348650676400942,0.004833770224323612,2.2490681744111e-08,0.04403824911890584,0.11774833142188262,0.11494212792647714,2.249038798751048e-08,0.3611239776032121,2.2491101932585053e-08,0.23382696946901757
AIA,1996,0.052691832493424136,1.69269559851432e-08,1.6925705293397314e-08,0.0417794255118175,0.6884506879574566,1.692599299728668e-08,1.6924290443738657e-08,0.0484651841583623,0.10997897304550866,0.058633829130486016
AIA,1997,1.4025134169377626e-08,0.025167136330468926,1.4025494866348521e-08,0.08664676670227009,0.1251948000619903,0.05122669872574585,0.06365531449279656,0.10110329239649617,1.4025633687616984e-08,0.5470059492139694
AIA,1998,1.6123993441662117e-08,0.007723292207090361,0.005835175618164144,0.3024811001497077,0.43928634171569947,1.6013101839166353e-05,1.6121017505814146e-08,0.08379804507600734,1.612439282170725e-08,0.1608599837620882
AIA,1999,1.9458077669072165e-08,1.945883702193512e-08,1.94562905166333e-08,0.18537350812282005,0.6247514027337647,1.9456428012802847e-08,1.945434391535913e-08,0.18987495294478815,1.9456110815682072e-08,1.9458539086215514e-08
AIA,2000,0.09763651024196343,0.09119223422098928,2.2791792380199854e-08,0.37849406442427824,0.2381100323344763,2.2793564031763668e-08,2.2789808738936835e-08,0.018376898968915284,2.2791325670800556e-08,0.17619016864288656
AIA,2001,1.4020514913117297e-08,0.02364126322199202,1.4019687266747634e-08,0.31171258184015843,0.06612024163972757,0.26180190677901444,1.4017804877731837e-08,1.4020488421295313e-08,1.4020597521733694e-08,0.33672393642001447
AIA,2002,0.024720054902431236,2.3702641846568057e-08,2.3703856771323153e-08,0.18208077344866183,0.0918759056365947,0.2830708355315309,2.3698255952868172e-08,0.09547627697795548,2.369916706511311e-08,0.32277605869890436
AIA,2003,0.05292774302236564,1.3643181895173841e-08,1.364340042178349e-08,1.3642786117566866e-08,0.26822737870816954,0.006453316200329984,1.363964576498247e-08,0.01806440388770253,0.42445527226380037,0.22987183134861786
AIA,2004,1.8717066443946904e-08,1.8718398924929813e-08,1.871626599668754e-08,1.871751544069454e-08,0.3594200964584614,0.32495427598181575,1.8713884429683847e-08,0.02777533830801157,0.1596526768338076,0.12819751883477257
AIA,2005,7.692045190236312e-09,7.692267320822723e-09,7.692525925978407e-09,0.4539653895615444,0.2356636971529346,0.02837358369761846,7.690951174049263e-09,0.09782512040732912,7.691832463901682e-09,0.18417217072095127
AIA,2006,9.646707989216349e-09,9.647549331281934e-09,9.6464937351782e-09,9.64774503315161e-09,0.6543594434154025,0.3439858432962938,9.645587249559903e-09,0.0016546457603720472,9.6460320640906e-09,9.647816192391858e-09
AIA,2007,0.00014897127291636127,0.12005125120581922,7.02781941277683e-09,0.000513464956658005,0.4875950888562131,0.3912134872853542,7.0272120903894356e-09,7.028808523914232e-09,7.027381349319292e-09,0.0004777083118177661
AIA,2008,4.710301972502411e-09,0.11857629130207333,4.709977782916738e-09,0.10741558105012693,0.7097138833231492,0.06424251491411061,4.709591808476488e-09,4.710261128009943e-09,4.709777612393553e-09,5.1705860629544275e-05
AIA,2009,3.2673160852903293e-09,0.01866247132342625,3.267120356667801e-09,0.017778562173275836,0.4158872846534367,3.2673977224704372e-09,3.266699490251334e-09,3.2670912901532496e-09,3.2671101414026184e-09,0.5476716622471262
AIA,2010,7.96831777806521e-09,0.002826723909861445,0.0029065657786708143,0.03452928879313273,0.5708142460001507,1.3222365312757125e-07,7.966435337699636e-09,7.968410817516121e-09,7.96688676353355e-09,0.3889230114244804
AIA,2011,5.5107686018347804e-09,5.51103643709845e-09,0.135267137690988,0.031894492903852156,0.3614416930643526,0.10618719892056065,0.2597602997264246,0.08901018871695264,5.510555684566189e-09,0.016438972444508735
AIA,2012,9.63178942864998e-09,9.632555855149634e-09,0.017434231505422195,0.046932614064708875,0.7307484176742808,0.059745684311366204,9.630349061734568e-09,0.14513900428600393,9.630955946028999e-09,9.63256774847729e-09
AIA,2013,8.177481644164535e-09,8.178094592847335e-09,0.012792258418085267,0.04495093559056733,0.6369494846557885,0.24096216692618594,8.176575921806491e-09,0.06434496655992326,8.177030324794634e-09,1.5514026717184638e-07
AIA,2014,0.001329823879692194,0.16101823441969587,0.007605176704994709,0.0051341468762785645,0.6266575985297568,0.06976761371365384,5.3589365501403906e-09,0.12848738979759292,5.3591680879894236e-09,5.360230300545675e-09
AIA,2015,8.453992313296376e-09,0.004789379852194802,0.0018899491775408413,0.12370180950893635,0.5593109284192981,8.45434573524984e-09,8.452902874282207e-09,0.24736859661954355,8.453996814903364e-09,0.06293930260724864
AIA,2016,8.516853494937592e-09,4.864974246980693e-05,3.528998607996799e-06,0.10621360075160789,0.46504364353360933,0.004335873154026714,8.5155779235604e-09,0.11012186125316091,8.516184784509648e-09,0.3142328170179011
ALB,1962,3.858308949600685e-08,3.8579999097282596e-08,3.858584660478376e-08,3.858234609669199e-08,0.005696318279775134,3.8587347038896846e-08,0.15536992743434944,0.5526215829207862,0.28631193986088616,3.8585574758124957e-08
ALB,1963,2.5031631808218546e-08,2.5033182829762486e-08,2.5032961440496163e-08,2.5034521363802936e-08,2.5035052731011455e-08,2.5032492050267375e-08,0.15056157863438377,0.5939648606050841,0.2521270895091233,0.003346321051566618
ALB,1964,0.003601042469104055,0.001043992121821405,0.0006772826705050941,0.05982022174887337,0.0008071484656355738,1.5463611482128187e-06,0.12131214783228308,0.5232533384877118,0.2894832621194534,1.7723463978839947e-08
ALB,1965,1.9462042693356818e-08,1.9462994952710692e-08,1.9462506914756922e-08,0.11638478503148002,1.946473259295845e-08,1.946478994925509e-08,0.07437915222938285,0.4627209720169777,0.3443220154535226,0.0021929779515696963
