rep_iso,year,0,1,2,3,4,5,6,7,8,9,10,11,12,13,14,15,16,17,18,19,20,21,22,23,24,25,26,27,28,29
ABW,2005,0.01281483642767124,0.012814836427721327,0.012814836427676156,0.012814836427672291,0.012814836427671493,0.012814836427687224,0.01281483642767748,0.012814836427672262,0.012814836427671832,0.012814836427671913,0.012814836427823445,0.012814836427671245,0.012814836427676071,0.012814836427686353,0.38333163773983103,0.012814836427724241,0.012814836427690199,0.012814836427674088,0.012814836427697873,0.2578529422827843,0.012814836427903572,0.01281483642767124,0.012814836427677952,0.01281483642770575,0.012814836427719013,0.012814836427708866,0.012814836427671452,0.012814836429543992,0.012814836427672734,0.01281483642767317
ABW,2009,0.011842080693541193,0.011842471470470808,0.011842080660958907,0.011842080660975779,0.011842379950837301,0.011843755499566079,0.011842080660964116,0.01184208069201028,0.011842080660966694,0.011842669666426633,0.011842097835076157,0.01184208066095796,0.01184251681847556,0.011842080661610408,0.011842080660975805,0.011842080699696726,0.011849483489965102,0.011844295018402406,0.011842080660965914,0.011842247217625444,0.011842177329922416,0.011842080660959212,0.011842080662018077,0.01184250059568198,0.656565630760411,0.011842281208364981,0.01184208066096222,0.011842202459244751,0.011842080660961927,0.011842080661004324
ABW,2010,0.012498280455788956,0.01249828045498832,0.012498280454400284,0.012498280454406503,0.012498296022512024,0.012498367492571156,0.012498280454447093,0.012498280615305038,0.012498280454402336,0.012498289386052545,0.01249828134800266,0.012498280454399163,0.012498303139794269,0.012498280454699131,0.01249828045442916,0.012498280663866922,0.012498663705317152,0.012498288521617646,0.012498280454406666,0.012498288877330328,0.01249828547702634,0.012498280660181792,0.012498280457869517,0.012498297888917959,0.6375492977618495,0.01249829089796216,0.01249828045439934,0.012498281173561202,0.012498280455064101,0.012498280454430778
ABW,2011,0.011931062331500637,0.011931082311653251,0.01193099703096639,0.011930997025911839,0.011931005168993486,0.01193104015174659,0.011930998932768519,0.011930997044999902,0.011930997025747226,0.011931995971139437,0.011930997999960485,0.011930997417051585,0.011931040544237836,0.011930997025797672,0.011930997025792495,0.011931006868558545,0.011931156583632117,0.011932267257867956,0.01193099843579395,0.0119310951598228,0.011931001259632309,0.011931033739180856,0.011930997577773432,0.011931174117372875,0.6539979433820817,0.011931002963596211,0.011930997025742962,0.01193112856847051,0.011930997025996423,0.011930997026209957
ABW,2012,0.011553162619250858,0.01157027519871667,0.01155345266225673,0.01155311790114799,0.011553087911023953,0.0115530991315425,0.01158342452140289,0.011553085489532733,0.01155308547293698,0.011561004834497499,0.011553287486584385,0.011553085472943146,0.011553089025754536,0.011553764923697736,0.011553085482484585,0.011553085473822725,0.011553145588765846,0.011565538135483631,0.011553085472941278,0.011553582148252136,0.011553596119721135,0.011553085472960195,0.011553085474429896,0.011553369760409576,0.6648857922592356,0.011556756503374534,0.011553085472931846,0.011553192070388208,0.0115534064397537,0.011553085473756426
ABW,2013,0.011757817381700685,0.011757932736601532,0.011758211561962143,0.011757864420062762,0.011757817381926295,0.011757817445634493,0.011757847639189299,0.011757817554905193,0.011757817381704722,0.0117579204925086,0.011758107280011221,0.011757817381726637,0.011757978263534082,0.011757818059333352,0.011757817381719137,0.01175781738284298,0.01175781738392212,0.011757830811390651,0.01175781740592332,0.011757930669055247,0.011758556573085752,0.011757817381700215,0.011757817381785541,0.011758118690003549,0.6590195313032355,0.011759154384318285,0.011757817381698088,0.011757936122875921,0.01175781738287921,0.011757817382763594
ABW,2014,0.011925715675836779,0.011925339297600958,0.011926282846496038,0.011925338281736132,0.011925310954863242,0.011925310952967812,0.01192539833986269,0.011925310944946747,0.011925310930436061,0.011926355065270405,0.011925479463964822,0.011925310930428132,0.011925310930610073,0.011925312888024932,0.011925310930439421,0.011925310943615933,0.011925311188238539,0.011926448100359286,0.011925311226132725,0.01192543040166177,0.011925739400713158,0.011925310930515657,0.011925310972744366,0.011925485962503542,0.6541596144048277,0.011925427349826094,0.011925310930428767,0.011925315527530945,0.011926963296220899,0.011925310931196429
ABW,2015,0.011371402467991237,0.011354469244639941,0.01135446924532828,0.01135446923601868,0.011354475299310472,0.011355759352991891,0.011354474553042318,0.011354469238602114,0.01135446923573411,0.011597393963372274,0.011354582814383838,0.011354469235804755,0.011354591301955218,0.011354469235801643,0.011354469235737043,0.0113545044437153,0.011354472462793403,0.011354516674779457,0.011354470701218937,0.011367147520943722,0.011354476443842536,0.011363874319363441,0.011354471208963445,0.011374599129777995,0.6704149046900629,0.011354871409744218,0.011355847598968839,0.011354471262320307,0.011354469236223817,0.011354469236567829
ABW,2016,0.009594073964360692,0.009627980515183767,0.009594073086649401,0.009594071650793075,0.00959407139748175,0.009594071398532708,0.009594071397475722,0.009594071401625005,0.009594071397478292,0.009623825112980829,0.009594073235097408,0.009594071397480817,0.009594071398189234,0.009594071400086899,0.00959407139747991,0.00959407140073712,0.009594071403157853,0.009594071397541344,0.009594071547658645,0.009701130439740122,0.009594106124084586,0.009594071397478232,0.009594071524912273,0.009614522997260979,0.7215514469804779,0.009594071854276947,0.009594071397474499,0.009623338586300727,0.009594071397514095,0.009594071400489162
ABW,2017,0.008828754942642611,0.00882524865987376,0.008825365799481368,0.008825266486063733,0.008825272007252345,0.008825649008587731,0.008825248659634235,0.00882524866955373,0.00882524865963418,0.008871490828118956,0.008825383614823148,0.008825248660433016,0.008825282681090674,0.008825248663563667,0.00882524865963989,0.008825248662989182,0.008825822912847116,0.008825260758445414,0.008825248659658858,0.008837169979030635,0.008825535388162813,0.008827219814394173,0.008825248662060352,0.00882961457255706,0.7439980797758627,0.008825349434408528,0.008825248659631935,0.008825249396738588,0.008825248660096116,0.008825248662723566
AFG,2008,0.012894044575754902,0.012894054389809418,0.012894044575771984,0.012894044575754902,0.012894051470977635,0.012894117970338695,0.012894044575756967,0.012894128808971535,0.012894044575754902,0.6185963944464113,0.020369168753161842,0.012894044575771034,0.012894044575768763,0.012894097783866767,0.012894044575773951,0.012894100657857706,0.012894293310370453,0.01289404509803458,0.012894062371332914,0.012894092001021403,0.012894071672526273,0.012894044575754902,0.012894063156153197,0.012894096719480962,0.0128940939769334,0.01289416522989403,0.012894044575754902,0.012894280552063635,0.01289409010849186,0.012894085764685074
AFG,2009,0.012291742151041516,0.012296355328166777,0.012291742151058712,0.012291742151041526,0.012295000406254478,0.012334097510925237,0.012291742151045561,0.012331336654698318,0.012291742151041549,0.6430329605829658,0.01232861268695142,0.012291742151120885,0.01229174215109612,0.012316746407880259,0.012291742151079787,0.012342583569363108,0.012311129134959582,0.01229194881920396,0.01229934767425578,0.012330909653370104,0.012302232107922377,0.012291742151041526,0.012302835271117927,0.012315714912288243,0.012345030966502319,0.012403436719168643,0.012291742151041526,0.01229732427061463,0.012313233661741132,0.012291742151041533
AFG,2010,0.011624417351901761,0.011628694817430766,0.011624417351912483,0.011624417351901763,0.011627461630926844,0.01165277282127409,0.011624417351907366,0.011661130416106244,0.01162441735190177,0.6603126564915154,0.011638413765963664,0.01162441735210632,0.011624417351930929,0.011647601965218536,0.01162441735195388,0.011637747019900016,0.013969384987067662,0.011624608366532077,0.011631458226833133,0.011635144510488945,0.011633861312761071,0.011624417351901763,0.011631207590785462,0.01163912648478408,0.011635093697867966,0.01165252394613387,0.011624417351901763,0.011627911680068383,0.011644609397120267,0.011624417351901766
AFG,2011,0.011598694723910234,0.011602372648442487,0.011598694723923341,0.011598694723910239,0.011601302790283758,0.011647287301907871,0.011598694723917934,0.01163026193265647,0.011598694723910253,0.6629743539964819,0.01161121720933739,0.011598694723998907,0.011598694723946163,0.011618629685436997,0.01159869472394824,0.011691308008107247,0.011699040398522037,0.011598858965342525,0.011604748806142711,0.011631547137795392,0.011607351500878146,0.011598694723910239,0.011612257358702326,0.01162984086321725,0.011614230555845418,0.01181809713935887,0.011598694723910239,0.011601699271790111,0.011619952466554928,0.011598694723910244
AFG,2012,0.01380628440696541,0.013806284406967465,0.01380628440696541,0.01380628440696541,0.013806284406986393,0.013806284421840448,0.01380628440696541,0.01380628440696541,0.01380628440696541,0.46872043547016745,0.013806284412463872,0.14470360105535945,0.013806284406995988,0.013806284423835797,0.01380628440696541,0.01380628440696541,0.013806284407481537,0.013806284406976286,0.013806284406965534,0.013806284412391706,0.013806284407037281,0.01380628440696541,0.01380628440696541,0.013806284406992263,0.013806284407128295,0.013806284434457314,0.01380628440696541,0.013806284415402692,0.01380628440696541,0.01380628440696541
AFG,2013,0.014109198985787231,0.01410919898578968,0.014109198985787231,0.014109198985787231,0.014109198985798203,0.014109198989131136,0.014109198985787231,0.014109198985787231,0.014109198985787231,0.4377250455998454,0.014109199820591788,0.16721738194662547,0.01410919898580322,0.014109198989539898,0.014109198985787231,0.014109198985787231,0.014109198986062636,0.014109198985792916,0.014109198985787327,0.014109198986997936,0.014109198985805394,0.014109198985787231,0.014109198985787231,0.014109198985802178,0.014109198985823556,0.014109198991905473,0.014109198985787231,0.014109198987663723,0.014109198985787231,0.014109198985787231
AFG,2014,0.01405176863928796,0.01405176863929037,0.01405176863928796,0.01405176863928796,0.014051768639300221,0.014051768643366257,0.01405176863928796,0.01405176863928796,0.01405176863928796,0.43865471948772855,0.014051769831276937,0.16789575739987297,0.014051768639305826,0.014051768643871889,0.01405176863928796,0.01405176863928796,0.014051768639607535,0.014051768639294313,0.014051768639288056,0.014051768640766092,0.01405176863930973,0.01405176863928796,0.01405176863928796,0.0140517686393043,0.014051768639332307,0.01405176864676114,0.01405176863928796,0.01405176864158022,0.01405176863928796,0.01405176863928796
AFG,2015,0.010661506584293256,0.010682774021036678,0.010661506571187097,0.01066150657117661,0.010661506582164906,0.010678714103333624,0.010662577841291923,0.01066150660847553,0.010661506571176075,0.6707253268134605,0.010698959937591634,0.010661506571419569,0.010673574417944021,0.010666966092395974,0.01066150657117621,0.010688257681358771,0.010661506582555923,0.010681331514972598,0.010661732463771322,0.010706450096921862,0.010686365665678092,0.01066150657117604,0.010664469496680764,0.010670253978888097,0.010725725141013909,0.010723337003652406,0.01066150657117604,0.010707130220819032,0.030357974582035534,0.010661506571176054
AFG,2016,0.010320441347926677,0.010320441461862265,0.010320441347948748,0.010320441347926746,0.010320441347927797,0.38860171644395464,0.010320441347927933,0.010320441347936467,0.010320441347926677,0.3224258920395762,0.010320442437169178,0.010320441348168006,0.01032044134794703,0.010320441358658804,0.010320441347926677,0.010320441347926788,0.010320441347985721,0.010320441350767186,0.010320443471105754,0.01032046294365267,0.010320441425172617,0.010320441347926677,0.010320441347929189,0.01032044134798645,0.010320442143015652,0.010320449314020362,0.010320441347926677,0.01032044134792753,0.010320441347946336,0.010320441347926677
AGO,2007,0.52416411925916,0.01640803491250192,0.016408083144229847,0.016408034912518132,0.01640803491249753,0.01640928754353714,0.016408034987573795,0.016408034912851564,0.016408064817570216,0.01640803491254386,0.01640807878772123,0.01640803491249753,0.016408034912498,0.016408034912503505,0.01640803491249753,0.016408110148620054,0.01640803491249753,0.01640803491249776,0.01640803491249753,0.01640804657184589,0.01640812294545916,0.01640803491249753,0.016408034912510694,0.0164086345694983,0.016408036333836952,0.016408044454040805,0.01640803491249753,0.016408039700117616,0.01640873813638161,0.016408034912499144
AGO,2009,0.013956624790298177,0.013956624016781457,0.013956624016781,0.014025930347353662,0.013956624016780621,0.01395662401679147,0.013956624016790998,0.2187432663802054,0.013956624016780857,0.013956624016790162,0.013956659007456526,0.013956624016780621,0.01395662401678146,0.01395662401679031,0.013956624016780621,0.013956624016781211,0.013956624016780621,0.013957393090898636,0.013956624016780621,0.013956946534904872,0.013957766473568847,0.013956624016780621,0.013956676014746752,0.013956624016785421,0.013956624206204587,0.013958486678295414,0.013956624016780621,0.39039777015717864,0.013956624016786141,0.013956624016783518
AGO,2010,0.013978995273338946,0.013978994656756534,0.013978994656755929,0.014034215245025246,0.013978994656755723,0.013978994656761782,0.013978994656766204,0.2243852603102569,0.013978994656755851,0.013978994656764991,0.013979022548362554,0.013978994656755723,0.01397899465675629,0.013978994656762297,0.013978994656755723,0.013978994656756045,0.013978994656755723,0.01397960769568483,0.013978994656755723,0.013979250497462868,0.013979887916120088,0.013978994656755723,0.013979035899951022,0.01397899465675836,0.013978994807748566,0.0139804740651119,0.013978994656755723,0.38414435726253626,0.013978994656758737,0.013978994656757686
AGO,2011,0.016488103291537923,0.016488103291357283,0.01649484973287982,0.016488103291356606,0.016488103291356606,0.016663335000642137,0.016488103291356606,0.5214311932377106,0.016492286313166855,0.016488103291363417,0.016494240382969243,0.016488103291356606,0.016488103294664297,0.016488103329589027,0.016488103291356606,0.016498627080777994,0.016488103291356606,0.016488103291356606,0.016488103291356606,0.01648978357717617,0.016513547187718913,0.016488103291356606,0.016488103299769453,0.016571487853161926,0.01648830210429311,0.01648943724587346,0.016488103291356606,0.016488684466547356,0.016586469802450186,0.016488103302784753
AGO,2012,0.01628969255267056,0.016289692552292012,0.016298573270636635,0.01628969255229118,0.01628969255229118,0.016520420702624303,0.01628969255229118,0.5270443785810194,0.01629519889745955,0.01628969255229766,0.016297771162095746,0.01628969255229118,0.016289692559213254,0.016289692635451256,0.016289692552291183,0.01630354560659258,0.01628969255229118,0.01628969255229118,0.01628969255229118,0.016291921146374753,0.016332921126166522,0.01628969255229118,0.016289692570771598,0.01639945711468362,0.01628995426153636,0.01629144851582555,0.01628969255229118,0.01629045759023451,0.01641917850293496,0.016289692576207323
AGO,2013,0.016314808234531852,0.01631480182153516,0.01631872958641514,0.016888575909058685,0.01631480182153435,0.01641682306672393,0.016314801821534348,0.5259835648416407,0.016317237169032724,0.016314801821540877,0.016318664907753345,0.01631480182153435,0.016314801827900394,0.01631480189647862,0.016314801821534355,0.016320928749014165,0.016314801821534348,0.016321177532478675,0.016314801821534348,0.01631871707051952,0.016376667971677587,0.01631480182153435,0.016315317357241305,0.016363347793801924,0.01631491914167223,0.016330886622044648,0.016314801821534348,0.016315140187416064,0.016372070075718458,0.016314801843529302
AGO,2014,0.5232278250947088,0.016440723652911673,0.016439145182852534,0.016439038898484103,0.016439038898251525,0.016441799210229625,0.016439038959356885,0.016439038898611272,0.016439104797409176,0.016439038909147496,0.016439621917196893,0.016439038898251525,0.01643903889825193,0.016439189841569526,0.016439038898251525,0.016439204689425176,0.016439038898251525,0.01643907899707869,0.016469254698380544,0.01643962891734176,0.016439297074841274,0.016439038898251525,0.016439038898264872,0.016440368817527105,0.01643955060450424,0.016439063729775053,0.016439038898251525,0.01643904849398391,0.016440588530385422,0.016439038898252923
AGO,2015,0.5254099574695804,0.016366068777014894,0.016362529601104802,0.01636235768222303,0.0163623576814383,0.01636682256897087,0.016362357773481273,0.016362357681793095,0.016362464275305105,0.016362357704213862,0.016363533137586716,0.0163623576814383,0.016362357681438976,0.016362673937434173,0.016362357681438303,0.016362625853641292,0.0163623576814383,0.01636244169195792,0.016426249886501723,0.01636358247960878,0.01636280596341855,0.0163623576814383,0.016362357681452565,0.016364524833627107,0.016363428384957735,0.016362400162728264,0.0163623576814383,0.01636237674392938,0.01636486425795897,0.016362357681440638
ALB,1996,0.0070650569755694136,0.6035240875761771,0.007062834975284679,0.007062724575483757,0.007062724575416798,0.007062724575863428,0.007062973668057351,0.0070675352617966996,0.007062724575510124,0.007064729669104951,0.19866953771506476,0.0070638521625021366,0.007062724575573988,0.007062724575473029,0.007062724575422005,0.007069132179366356,0.007062724575721475,0.007071446018309558,0.0070627245755348475,0.007062996032266494,0.0070627246446786866,0.0070627245754156685,0.00706278573659175,0.00706274654711474,0.007062724809979693,0.007062790371233198,0.007086395915916322,0.007062724575433139,0.007062954834715585,0.007062724575422071
ALB,1997,0.006545681932374267,0.5655331909348777,0.006542214229472319,0.006541892925262443,0.006541892925176331,0.006541892925206835,0.0065420828090932,0.006542088618405971,0.006541892925178905,0.006545141582473951,0.2512239805104871,0.006542752062474483,0.0065418929252481365,0.006541892925215061,0.006541892925180843,0.0065421517877580215,0.006541892925182479,0.0065557828996680115,0.006541893141527129,0.006545028314672014,0.006541892925212976,0.0065437340177723164,0.006541895454386649,0.00654189383429032,0.006541893051241458,0.006541995796583446,0.006583213048582599,0.006541892925182613,0.006542563796637122,0.006541892925175073
ALB,1998,0.00756735832190223,0.6172147998441978,0.00756271328568904,0.007562587530716075,0.0075625875306453115,0.007562587533327096,0.007562836488170157,0.0075625877154009155,0.007562587530646974,0.007563742064364831,0.17096644361710422,0.007563723573275557,0.007562587530668131,0.007562587530756284,0.0075625875306508375,0.0075625875306520665,0.007562587530684951,0.00756452249637814,0.007562610634314781,0.00756273418994972,0.007563586544797194,0.007562600509199135,0.007562590833455116,0.007562587532552368,0.0075625877169819096,0.007562683724445859,0.007617978207273542,0.00756258753066939,0.007562849860482808,0.00756258753064755
ALB,1999,0.008432631367086002,0.5983671578471392,0.008432047894542084,0.008432045524011032,0.008432045523868642,0.0084320455239518,0.008432286633207926,0.008432045523994118,0.00843204552442551,0.008432168933542037,0.16552734503913866,0.008433133135128997,0.008432045524014107,0.008432045523935517,0.00843204552387,0.008432045523877614,0.008432045523893369,0.008432241174585735,0.008432045524026256,0.008432377311513115,0.008432045523948198,0.008432045523948335,0.008432045523957165,0.00843204552393314,0.008432045664033204,0.00843205577727314,0.008437684849581054,0.00843204552389494,0.008432050465809506,0.008432045523869482
ALB,2000,0.008369483113670924,0.6707086902218985,0.008369494051455192,0.008369472120668613,0.008369472118141368,0.00836947238343882,0.008369845712589035,0.008369472127160384,0.008369472119052989,0.008369490845798718,0.09492588961502611,0.008371165142840814,0.008369472118166769,0.00836947211824286,0.008369472118141416,0.008369472118182824,0.008369472118200952,0.008369510663395856,0.008369472953002877,0.008370650921154786,0.008369472131594485,0.008386277157070413,0.008369472118486173,0.008369472369142133,0.008369482069695063,0.008369475254247421,0.008369472118167529,0.008369472118167715,0.008369517845050153,0.008369472118148953
ALB,2001,0.00838480343971232,0.612241761626059,0.008382774953166137,0.008382753808207107,0.008382753807401616,0.008382753916463783,0.00838288544159835,0.008382753809089849,0.008382753807763878,0.008383192181946492,0.15299497169795823,0.008383348520492545,0.008382753807413712,0.008382753807470018,0.008382753807395338,0.008382753807401845,0.008382753807414605,0.008383485178844373,0.008382753807468253,0.008384046245970776,0.008382753813338735,0.008402533056095058,0.008382753807578332,0.008382753813776308,0.008382753807801239,0.008382791164143429,0.008403793750852987,0.008382753807410758,0.008382797892368553,0.008382753807396384
ALB,2002,0.008504218698169785,0.668483970112571,0.00850221891587539,0.00850221483479352,0.008502214832165308,0.008502214832406462,0.00850239192780694,0.008502215461068061,0.008502214833122936,0.008509720650205766,0.09327267717365835,0.008503046327086332,0.008502214832249824,0.008502214832291504,0.008502214832163357,0.008502214832178171,0.008502214832209889,0.00852758444334325,0.00850229413240859,0.008503198350864586,0.008625719001358247,0.008502214832206268,0.008502493188086675,0.008502214832823209,0.008502217911677998,0.008502252907508038,0.008522764630167844,0.00850221483221465,0.008502223345146815,0.00850221483217098
ALB,2003,0.008527821586216129,0.6757192321501893,0.008525674339698872,0.008525671447945162,0.008529017427737349,0.008525671449200562,0.008525782410915062,0.008525674730784912,0.008525671447829597,0.008528565514613826,0.08547069630209887,0.00852633479541797,0.008525671447417367,0.00852567144752982,0.008525671447311759,0.008525671447335044,0.00852567144746365,0.008534239181651838,0.00852610493454487,0.008526181199278171,0.008561540381377348,0.008525671447367754,0.008525776750993995,0.008525671519437521,0.008525685058079957,0.008526014292523854,0.008547894136052342,0.008539701335197861,0.008525677476460597,0.008525671447328928
ALB,2004,0.008156806839021017,0.6876347397408525,0.00815186294418106,0.008151818218295196,0.008151818218175566,0.008151818219832787,0.008151930864699893,0.008160757793413229,0.00815181821872126,0.008154300763916943,0.08402759359250501,0.008152325484338072,0.008151818218290663,0.00815181821872027,0.008151818218175224,0.008163660846945472,0.008151818218284713,0.008159725838727108,0.008151818218425257,0.008153083414190703,0.008151818220720274,0.008151966470537137,0.00815193376924484,0.008151859750077586,0.008151819528054136,0.008151909035967606,0.008199963438501595,0.008151848010242747,0.008151911468752564,0.008151818218189392
ALB,2005,0.0079759792542041,0.6891901649255469,0.00796193342099952,0.007961881234919732,0.007961881234780427,0.007961881240353592,0.007961986506064625,0.00796395063233943,0.007961881235113287,0.007964821397560029,0.08769407432564998,0.00796236445339132,0.007961881234852426,0.007961881234903332,0.007961881234779708,0.007964622990093867,0.007961881234839749,0.007966586127201426,0.00796190137580231,0.00796317616411885,0.007961881253686041,0.007963629071622557,0.007961907956575767,0.007961929827534348,0.007961881248117144,0.007962128583110257,0.008114278085318226,0.00796188123502604,0.00796199004670263,0.007961881234792419
ALB,2006,0.007759995247115995,0.6948164291787168,0.007679202502600327,0.007679177544038542,0.007679177543847354,0.007679177544142607,0.007679177545821408,0.007685583726900793,0.007679177545131257,0.007696103982461806,0.08897621635656733,0.007679177543942338,0.007679177543936374,0.0076791775442849024,0.007679177543848697,0.007687658863146805,0.007679177543910632,0.007705811225878913,0.007679177545741234,0.007948595716317732,0.007679177555684976,0.007679211396515443,0.0076792605042256675,0.007679207355710028,0.007679181324834258,0.007680556589521734,0.008459258017321149,0.007679190350381264,0.007679229573596311,0.007679177543857327
ALB,2007,0.0071397715377640265,0.7132594790889127,0.00704380989351777,0.007043784775080873,0.007043784775056546,0.007043784775551016,0.00704378575169333,0.007043784778972295,0.007043784775647076,0.007047757112449823,0.08922373239468993,0.0070437891660835444,0.007043784775116071,0.007043784775214303,0.007043784775067251,0.007043784775077477,0.007043784775169821,0.007050168880638664,0.007043785090917524,0.007044308856917774,0.007043784826765513,0.007043784775282626,0.007043784775228754,0.007043784784223638,0.007043788579126035,0.007044121009665712,0.007227309031228269,0.007043784775179041,0.0070438371386998995,0.007043784775062279
ALB,2008,0.006473611535041199,0.7260595526681957,0.006471794559740659,0.006471775719965996,0.006471775719953399,0.006471775720298691,0.006471775721136368,0.006471913529119242,0.006471775720073348,0.00647205272324843,0.0927154670130684,0.006471775719994831,0.006471775719999109,0.006471775720048892,0.0064717757199679845,0.0064719582058774885,0.006471775719981804,0.006472284954414626,0.006471776367069361,0.006471848673604789,0.0064717757597076665,0.006471775720064951,0.006471777503583312,0.0064717763629920716,0.0064717787916593284,0.006471806969498112,0.006483925026873179,0.006471775719994741,0.006471814994867798,0.006471775719958407
ALB,2009,0.09343104641243201,0.6119988258084488,0.0068108529881592455,0.006810852988077953,0.006810852987860689,0.006810852988068159,0.0068108529887022685,0.006810852988260312,0.006810852987986085,0.0068108574637466305,0.11067705232766781,0.006810852987884476,0.006810852987939242,0.006810852988023422,0.006810852987879559,0.006810852987887486,0.006810852987895059,0.006810880302755442,0.006810852988470617,0.006810862384187559,0.006810853003742974,0.006810852987869923,0.006810852987970549,0.006810852992687794,0.006810853031708148,0.006810855915976595,0.006810852987879479,0.006810853584085784,0.0068108529878773295,0.0068108529878686454
ALB,2010,0.12283586355041665,0.47389706618875466,0.006805865475687474,0.006805865475641971,0.006805865475628706,0.006805865475678885,0.006805865475644688,0.00680586547564632,0.006805865475663136,0.006805865475641433,0.006805865475695591,0.006805865475854071,0.006805865475644513,0.0068058654757582595,0.006805865475656979,0.00680586547565828,0.00680586547567016,0.1501384335120344,0.006805865475657588,0.07617613438136268,0.006805865475650523,0.006805865475628114,0.006805865475653165,0.006805865475675843,0.00680586547571163,0.0068058654756811355,0.006805865475643415,0.006805865475660033,0.006805865475654257,0.006805865475645209
ALB,2011,0.18590531159252704,0.4532830172977151,0.007525490241091989,0.00752549024100616,0.007525490240981682,0.007525490241069003,0.00752549024100586,0.00752549024099762,0.007525490241063492,0.007525490241003047,0.007525490241113555,0.007525490241473223,0.007525490241012118,0.0075254902412855845,0.007525490241019557,0.00752549024104128,0.007525490241104034,0.10406499173128657,0.007525490241022966,0.061083933110772946,0.0075254902410060096,0.007525490240988699,0.007525490241020788,0.007525490241065012,0.007525490241161162,0.00752549024110313,0.007525490241034212,0.007525490241035017,0.007525490241006509,0.007525490240986633
ALB,2012,0.26171469743111303,0.39643874345923313,0.009160762476093626,0.00916076247610996,0.009160762478020536,0.00916076247611369,0.009160762476097763,0.009160762476092451,0.009160762476119709,0.009160762476190297,0.009160762476135741,0.009160762476265924,0.009160762476109795,0.009160762476207613,0.009160762476141929,0.009160762476119732,0.009160762476138897,0.009160762476664364,0.009160762476114174,0.09450597224388058,0.009160762476084959,0.009160762476070308,0.009160762476103854,0.009160762476121504,0.009160762476143036,0.009160762476295636,0.009160762476082827,0.009160762483963147,0.009160762476093822,0.00916076247607791
ALB,2013,0.2867416287485346,0.386625936588423,0.009693295707290312,0.009693295707053807,0.009693295707029434,0.009693295707445057,0.009693295712023181,0.009693295707088895,0.009693295707185454,0.009693295707234527,0.009693295707330584,0.00969329570800461,0.009693295707092448,0.009693295707548323,0.009693295707087763,0.009693295707159445,0.009693295707256869,0.009693295708028644,0.00969329570719559,0.06491345056217837,0.00969329570709884,0.00969329570706017,0.009693295707130407,0.009693295707357401,0.009693295707420892,0.009693295707215815,0.009693295707122537,0.009693295707126653,0.009693295707254154,0.009693295707022317
ALB,2014,0.00871591334255838,0.7219897735277,0.008715913350849515,0.008715913352177777,0.008715913342469671,0.00871591334447292,0.008715913375681577,0.0087159133426351,0.008715913355951937,0.008715913343039627,0.03396465247270084,0.008715913342488906,0.008715913343021126,0.008715913394740711,0.0087159133424721,0.008715913344383128,0.008715913342479769,0.008715913343086489,0.008715913358997199,0.008715913508894448,0.00871591335483267,0.008715913374012351,0.008715913352737657,0.00871591334487335,0.008715913362328654,0.008715913367288572,0.008715913343068983,0.008715913343947588,0.00871591334309035,0.008715913343018824
ALB,2015,0.007016095363372022,0.7160578559703995,0.007016095363829975,0.0070160953630777935,0.007016095363023598,0.007016095363097406,0.007016095382912039,0.007016095363225031,0.0070160953633529345,0.007016095365005921,0.08749147368710748,0.007016095363028399,0.007016095363064129,0.007016095363505213,0.007016095363048593,0.007016095363050293,0.007016095363037831,0.007016095363298478,0.007016095363758634,0.0070160955098664286,0.007016095363088338,0.007016095363111354,0.007016095363264675,0.007016095363960087,0.007016095364609061,0.007016095365740124,0.007016095363049131,0.007016095363045771,0.007016095363040398,0.007016095363029467
ALB,2016,0.09464372371516533,0.6066228392616926,0.007073943550601762,0.007073943550589241,0.007073943550582618,0.007073943550608874,0.007073943550785208,0.0070739435506006875,0.007073943550582907,0.007073943550602583,0.007073943550623846,0.007073943550632701,0.007073943550603832,0.00707394355082322,0.00707394355060681,0.007073943550600709,0.007073943550606998,0.007073943550639606,0.007073943550607633,0.10773696115643641,0.007073943550601614,0.007073943550582048,0.007073943550605723,0.007073943550624358,0.007073943550613185,0.00707394355060906,0.007073943550587284,0.007073943550589415,0.007073943550600786,0.007073943550592885
ALB,2017,0.008763053437155287,0.7124510344038345,0.008763053437480193,0.008763053439293624,0.008763053437155192,0.008763053437662491,0.00876305343719307,0.008763053437162004,0.008763053439489988,0.008763053437185189,0.04218346879683187,0.008763053437156767,0.00876305343718551,0.008763053455617311,0.008763053437166907,0.008763053437747559,0.008763053437162728,0.00876305343719902,0.008763053441537943,0.008763053936749084,0.008763053438965064,0.008763053437163689,0.008763053441634479,0.00876305343785603,0.00876305344584518,0.008763053451476021,0.008763053437335843,0.008763053437243823,0.008763053437358836,0.008763053437154805
AND,1996,0.006932067310829188,0.00693207030830254,0.006932067310831654,0.0069320673136432425,0.006932067311721667,0.0069320673108898105,0.006932067311125167,0.006932067311153215,0.006932067310832734,0.006932069243201097,0.006932067443315693,0.006932067310828679,0.0069320673108492275,0.006932067310864156,0.006932067310828979,0.006932067310832674,0.006932067310866385,0.006932070908846883,0.006932067310838862,0.006932153766734682,0.00693206731117522,0.006932067310832971,0.006932071304012341,0.006932067388362032,0.7989699351365301,0.006932080967404325,0.006932067310828999,0.0069320673118569405,0.006932067310830606,0.0069320673108298906
AND,1997,0.0067247180169025846,0.006726679101877065,0.006724718016903577,0.006724718020161575,0.006724767905219598,0.006724778429932896,0.006731102764028746,0.006724718016966149,0.006724718016906113,0.006726324656378263,0.00672472324889251,0.006724718016902494,0.006725722121001324,0.006724860025120048,0.006724718016903689,0.006725007672135541,0.006724744400249505,0.00672727414625451,0.006724730000941773,0.006726365520475023,0.006724777583825447,0.0067247180169043635,0.006724742919514331,0.006724718539318853,0.804966548790693,0.006725509713662964,0.006724718016902954,0.006724724271211347,0.006724718016904222,0.00672471801690967
AND,1998,0.006680576278243109,0.0066805673432284215,0.006680567343080222,0.006680567346742388,0.006680567345522187,0.00668056803115568,0.006680567343418772,0.006680567343705795,0.00668056734308306,0.006680685065161128,0.0066805714946920605,0.006680567343079065,0.006680567343111052,0.006680567343080536,0.006680567343081041,0.006680567343082343,0.006680567343160558,0.006680567370700233,0.0066805673430988055,0.006696607930070036,0.006680567343711891,0.006680572367894735,0.006680573698377354,0.006680580845703134,0.8062472394431226,0.006680677948345049,0.006680567343079553,0.006680567343107122,0.006680567343080112,0.006680567343081818
AND,1999,0.006091610485990297,0.006091716692865857,0.006091610485992152,0.006091610490010177,0.0060916104867985345,0.006091610486199457,0.0060919532126435735,0.006091610486154828,0.006091610485993715,0.006091697226116974,0.006091610525141311,0.006091610485989973,0.006091610486022453,0.006091618161452659,0.006091610485991856,0.006091610485995001,0.006091610486029362,0.006091748669777365,0.006091610485999566,0.006114364826050446,0.0060916105009078845,0.0060916104859952734,0.006091611044437505,0.006091610497707419,0.823319816197231,0.006091653689955621,0.006091610485990489,0.006091610486039536,0.006091610488522451,0.006091610485997125
AND,2000,0.0061404388377201725,0.0061425100683437555,0.006140471546156844,0.006140438839812384,0.006140438837871484,0.006140438837779847,0.006140438837745619,0.0061404389030492,0.0061404388377237435,0.0061436432086802596,0.0061404388778049344,0.006140438837720019,0.006140500652225939,0.006140438837725193,0.006140438837721204,0.006140438837726515,0.006140438982936242,0.006140438841110743,0.006140438837725038,0.00614231804244155,0.006140443034229455,0.0061404388377228536,0.006140439352012391,0.006143012296023141,0.8219137590305229,0.006140951445558172,0.006140438837720243,0.006143613150728535,0.006140438837741774,0.006140438837719866
AND,2001,0.006463148421068782,0.006463119860397595,0.006463119492460446,0.006463119492894347,0.006463119492792993,0.006463121719664012,0.006463119492702421,0.006463119497551646,0.006463119492459807,0.006463500854061777,0.006463121932104564,0.006463119492457879,0.006463119492464396,0.006463138415019238,0.006463119492458469,0.006463119492461318,0.006463119556464034,0.006463119913544115,0.006463119492467689,0.006523865943378995,0.006463119492544846,0.006463135760869811,0.006463119655936423,0.00646315414721052,0.8125082478895312,0.006463174044006986,0.006463119492458669,0.006463119493649639,0.0064631194924591115,0.006463119492458057
AND,2002,0.00811646303956102,0.00811646406013482,0.00811646303956482,0.008116463040578385,0.0081164630399497,0.008116463039694289,0.00811646304034814,0.008116463061785014,0.008116463039563189,0.008116463706105881,0.008116486287547306,0.008116463054549121,0.008116463039565942,0.008116659675758663,0.008116463039563268,0.00811646303956517,0.008116463039568726,0.008116464275453447,0.008116463077982375,0.008118982060350109,0.008116463039659511,0.008116463039567052,0.008116463639650691,0.008117666499253409,0.7646180699246753,0.008117018997241382,0.008116463039561128,0.008116463043856345,0.008116463039782232,0.008116463039563688
AND,2003,0.00710958868759032,0.007090662977159052,0.0070911415416848,0.007090523224454521,0.007090523222899483,0.007090523222930494,0.0070905232229392405,0.007090523229644074,0.007090523222883827,0.007090525285178505,0.007090525790441018,0.007090523222883433,0.007090523222890679,0.007090523222902413,0.007090523222883414,0.007090523222885799,0.007090523222931787,0.007090527075543473,0.007090523222889027,0.007090666295158435,0.007090549816942398,0.007090523222885885,0.007091092939364567,0.007092542608377462,0.7943518914939919,0.007090867467797993,0.007090523222885815,0.007090523223184265,0.007090523222909868,0.007090523222886203
AND,2004,0.008177048950862213,0.008189274992322318,0.008177048950863323,0.008177048953372573,0.0081770489509845,0.008177048950902023,0.008216580788812738,0.008177048951070938,0.00817704895086355,0.008187038262012527,0.008177051183868841,0.008177048950861788,0.008177048950867878,0.008177934276345656,0.008177048950862811,0.008177048950865615,0.008177048950908993,0.00819295674996087,0.008177048950886553,0.00823708888141172,0.008177050642680468,0.008177048950873716,0.008177050568442683,0.008177256065312182,0.7627220303481417,0.008181806122171438,0.008177048950868257,0.0081770489508701,0.008177048950867913,0.008177048950864341
AND,2005,0.007963096628815787,0.007963096719311127,0.007963096628817641,0.007963096629667066,0.007963096628949803,0.007963096628880105,0.007963096628839896,0.00796309662914278,0.007963096628817262,0.007963096689548014,0.007963096685322786,0.007963096632941667,0.007963096628839034,0.007963096628825616,0.007963096628816417,0.007963096628817766,0.007963096628876036,0.007963096737455043,0.007963096639396493,0.007963102870299506,0.007963096628978466,0.007963096628824126,0.007963099576217306,0.00796309668604625,0.769070178238425,0.007963106575698197,0.007963096628830553,0.00796309662881733,0.00796309662896679,0.007963096628816115
AND,2006,0.007971493377118598,0.007971496662390276,0.007971690363393628,0.007971523363092162,0.007971493377211482,0.007971493377407362,0.007971493377141915,0.007971493485079889,0.007971493377119828,0.007971495495210357,0.007971678243955881,0.007971493377146931,0.007971493377211196,0.007971493377160193,0.00797149337711715,0.007971493377119896,0.00797149337716422,0.007971497323006786,0.007971493377121679,0.007973339503258823,0.007971963017349605,0.007971493377138263,0.007971496833704055,0.007971685320419175,0.7688237462725861,0.007971506704878086,0.00797149337713642,0.00797149337711986,0.007971493377117767,0.007971493377122583
AND,2007,0.006689625899346293,0.006690278463750299,0.006689625899331347,0.0066896259018008955,0.0066896259711780115,0.0066896259861002816,0.006691729252312816,0.00668962591602798,0.006689625899334624,0.006690158725844487,0.006689626125531453,0.006689625899325101,0.006689627341338024,0.006689673003040083,0.006689625899327522,0.006689626315307534,0.006689625948840132,0.006690474775255364,0.006689625916541688,0.006730362923855797,0.0066896260751834295,0.006689625899336904,0.006689629586806119,0.006689625970958794,0.805955655719774,0.006689891078227042,0.006689625899325694,0.006689625908344946,0.0066896258993269,0.0066896258993264695
AND,2008,0.006172182789771129,0.006172890839341057,0.006177603844377824,0.0061730079566007,0.006172182789853216,0.006172182789828057,0.006174467702600597,0.0061721827897718295,0.006172182789777349,0.006172761061618183,0.006177267261620276,0.0061721827897687626,0.006172182789773721,0.00617223396092578,0.0061721827897717515,0.006172182789773219,0.0061721827963207125,0.006173103918796409,0.006172182789772681,0.006175699275019248,0.006185107374420148,0.006172182789770743,0.006172185266464844,0.006177463263685322,0.8209687720715149,0.006172511558512381,0.0061721827897692535,0.006172182789811461,0.006172182791199,0.006172182789769528
AND,2009,0.005985137555833974,0.0059851644686378285,0.005985139219050237,0.0059851378097726116,0.005985137555929017,0.005985137555848599,0.005985207632451719,0.005985137555841902,0.005985137555836875,0.00598515863683067,0.00598513921093921,0.005985137555833858,0.005985137555840734,0.005985139125464095,0.005985137555834987,0.005985137555839822,0.005985137578031511,0.0059851720359095344,0.00598513755584026,0.006005721393918102,0.005985141524222797,0.005985137555837703,0.005985137871952383,0.0059851391820232355,0.8264102539132944,0.005985147059823098,0.005985137555834211,0.005985137555852151,0.005985137555834956,0.005985137555839601
