rep_iso,year,0,1,2,3,4,5
ABW,2005,0.06554188231484435,0.14088299559113868,0.06588200836931088,0.5964180459316691,0.06571378166100864,0.0655612861320282
ABW,2009,0.05790949895873627,0.7086830407756792,0.05848665966561701,0.05890235131908179,0.058035664315408776,0.05798278496547688
ABW,2010,0.060403021124339006,0.6957564106310975,0.061170087600710694,0.06167768342934224,0.060470712683841216,0.060522084530669366
ABW,2011,0.058512697361905064,0.7055295480639877,0.05932372248470233,0.05931009040655885,0.05858743463653234,0.05873650704631379
ABW,2012,0.05656607483162807,0.7155693702357548,0.05748205530775533,0.057132651559554576,0.056579013172800396,0.05667083489250684
ABW,2013,0.05785270422054823,0.7090399320622531,0.05871575912845215,0.05850839328096013,0.05790101841010555,0.0579821928976808
ABW,2014,0.05812613738497299,0.708134334836746,0.058657627759811155,0.05870112329610036,0.058203507637022936,0.058177269085346435
ABW,2015,0.05546583924695364,0.7213533743286502,0.05600060484993949,0.056168514053383425,0.055497813334491566,0.05551385418658173
ABW,2016,0.04667054001278141,0.7645791752563923,0.04728847035349124,0.04729041577907137,0.04740935347028391,0.04676204512797981
ABW,2017,0.04243371170982851,0.7861677861671247,0.043111763295865725,0.04290230117080277,0.04288286732995658,0.04250157032642171
AFG,2008,0.058208525424007236,0.058526400783074535,0.05845035392124414,0.7081104716416536,0.058475837889633675,0.058228410340386755
AFG,2009,0.05346213162855737,0.05366607577923038,0.053821137750664376,0.7318840452761177,0.05367325744792703,0.053493352117503126
AFG,2010,0.054562690892859526,0.054757986732604465,0.05478380371733957,0.726458588816024,0.05477886024516765,0.05465806959600465
AFG,2011,0.052240779424762546,0.052431908007861405,0.05246961728925345,0.7381082755892211,0.05247602015622247,0.05227339953267914
AFG,2012,0.06963760970380009,0.06965678949713351,0.06984831341755096,0.6505982940905609,0.06966694481377138,0.07059204847718323
AFG,2013,0.07126362557206835,0.07128142863875407,0.0713757353856146,0.6424296097491611,0.07127093500092706,0.07237866565347477
AFG,2014,0.07095921791854758,0.07097702349934956,0.07108183419851935,0.6439447152014837,0.07096789657806633,0.07206931260403349
AFG,2015,0.048242108559193544,0.048332640927244146,0.048313794394347444,0.7585560935140584,0.04830140906490214,0.048253953540254246
AFG,2016,0.04141144315110633,0.04162354743166748,0.04162241035429697,0.7920190280130706,0.04182174378524731,0.04150182726461143
AGO,2007,0.5774291726633863,0.08165242805665618,0.0898506995121859,0.08162952377631881,0.08201989565208562,0.08741828033936709
AGO,2009,0.07108689582824006,0.07108986870204025,0.6439446932916864,0.07106039406260846,0.0711398298290231,0.07167831828640167
AGO,2010,0.07110585033261545,0.07110738837118373,0.6438841269340357,0.0710750626234501,0.07113614229997393,0.07169142943874099
AGO,2011,0.08275231272068012,0.08271189283751394,0.5867097746110956,0.08260369317452657,0.08265809368735094,0.08256423296883286
AGO,2012,0.0818871153728658,0.08185376859618551,0.5908941476771826,0.08175205236878814,0.0819068123402,0.08170610364477791
AGO,2013,0.0819863715951367,0.08195247366305412,0.5904222541078785,0.08184593855675501,0.08198830402361387,0.0818046580535618
AGO,2014,0.5791011084623405,0.08187941175595881,0.08837389190247935,0.08186699451876872,0.08219100874869815,0.08658758461175439
AGO,2015,0.5752940513035376,0.08136670647948323,0.09180660592943225,0.0813643936299924,0.08180897429557711,0.08835926836197722
ALB,1996,0.03049821789109409,0.15176637448807026,0.03003223516942818,0.7104806493943606,0.04484614682945,0.03237637622759699
ALB,1997,0.0291383638561928,0.03203630801168779,0.029439469408487733,0.8471032309798062,0.03330946664038656,0.028973161103438942
ALB,1998,0.03361453755903276,0.03595571956390861,0.03398377224103486,0.8269250240034614,0.036286448531718626,0.03323449810084376
ALB,1999,0.03793372463341223,0.03939762287188822,0.03720132621151322,0.8106645203134666,0.037793390570685835,0.03700941539903402
ALB,2000,0.03779081502073911,0.03988233605259346,0.03799386399486243,0.807292004736738,0.03917006414688179,0.03787091604818512
ALB,2001,0.03761155225518993,0.040102013626131784,0.037737215174097,0.8081456596811798,0.038672305917952274,0.03773125334544924
ALB,2002,0.03893195202449913,0.041616550207360034,0.03904061137620357,0.8019451388887314,0.03953618435029265,0.038929563152913294
ALB,2003,0.038945538139889435,0.041645782184611096,0.03905989103807108,0.8002956960223025,0.040958994446751794,0.03909409816837414
ALB,2004,0.035155325963931054,0.037333300557729536,0.03520731012833365,0.8189714141643372,0.038273259018967415,0.035059390166701294
ALB,2005,0.033767704108604406,0.035262139040394665,0.03287910578323829,0.8301966048682391,0.0350521928419478,0.03284225335757566
ALB,2006,0.03266419645481095,0.03179001229096593,0.029692573906721746,0.8414108808510679,0.034933927057280656,0.029508409439152762
ALB,2007,0.08003351330939495,0.02975603434201267,0.027933125104954565,0.8055505719199513,0.02884945940394098,0.027877295919745613
ALB,2008,0.07730988621246704,0.02744998512423051,0.02600130091393519,0.8170218697214633,0.026279552378936435,0.02593740564896761
ALB,2009,0.10934078567771609,0.02878709424950144,0.026848871640613434,0.7808725494552766,0.027398535826248228,0.026752163150644284
ALB,2010,0.1651625115452961,0.1511114385044007,0.029771726052033806,0.5942648757139625,0.029971318622325847,0.02971812956198106
ALB,2011,0.2623365279735272,0.03630155693916458,0.033878874563173025,0.5994266395457739,0.034245955745249516,0.033810445233111636
ALB,2012,0.324146858872983,0.045407083976459824,0.042946683106388314,0.501253846536566,0.043449895594442525,0.04279563191316033
ALB,2013,0.3359377833248391,0.04853684375269948,0.045918682518152454,0.4772876238442573,0.0460317681329375,0.04628729842711416
ALB,2014,0.03237402310556307,0.03279205103894896,0.03229328028414247,0.834870013822228,0.03440981822208045,0.033260813527037
ALB,2015,0.10810765403295529,0.028098208133396217,0.026926094694329106,0.7797483811163166,0.02961136052080557,0.02750830150219724
ALB,2016,0.12905657497835168,0.028995742622732888,0.02739716441289192,0.7580583059443091,0.029063084878173624,0.027429127163540717
ALB,2017,0.032531781684454024,0.03314222821403727,0.03241465667783833,0.8342218884927709,0.03540653363570116,0.03228291129519821
AND,1996,0.031635081844789394,0.841060575517234,0.03181184172471431,0.032082968951302124,0.03166872014067652,0.03174081182128392
AND,1997,0.031154174765226382,0.8436820004295137,0.03131245168733411,0.03147179059679293,0.031173214977945552,0.031206367543187306
AND,1998,0.028647086917640178,0.8561520556634566,0.028821164167116126,0.028933150019887964,0.028661710246736066,0.028784832985163
AND,1999,0.02630335546596861,0.8678515393414444,0.026484212543217298,0.026627861959420147,0.026327493057441,0.02640553763250857
AND,2000,0.026548315912672687,0.8665876979609493,0.026812387898808746,0.026793211879604505,0.02663916798427021,0.026619218363694495
AND,2001,0.02902446993287415,0.854548324656519,0.029114162074627012,0.02918545402069904,0.029075352280313813,0.02905223703496712
AND,2002,0.038596684184905944,0.8065895640355567,0.03869806092590854,0.038810599849427224,0.03864342260639888,0.03866166839780267
AND,2003,0.03346574313121278,0.8322692140341723,0.03354977739016274,0.03362746054137496,0.033597083936479435,0.033490720966597685
AND,2004,0.038936133468260026,0.8048332288887409,0.0390832008492603,0.03913663788253198,0.03903440917295682,0.03897638973824987
AND,2005,0.0370995617393798,0.8140424459581804,0.037220748395422894,0.03732466235897311,0.03718639044660381,0.03712619110144005
AND,2006,0.03321396618796122,0.8333878113903297,0.0333937441177048,0.03347334979679478,0.03328623845792651,0.03324489004928309
AND,2007,0.031559569374097526,0.8419303696106366,0.031646180216535987,0.03167342777538733,0.031602704615379076,0.031587748407963454
AND,2008,0.02996310533311588,0.8497264807156724,0.030125506317405154,0.03014879473751211,0.030033463116415325,0.03000264977987933
AND,2009,0.02886105747246771,0.8552167961309614,0.02893172061982159,0.029103444415876055,0.028948396377430633,0.028938584983442716
AND,2010,0.029930901618177307,0.8496393464458256,0.030219145935575214,0.030201315890117948,0.03001131438905614,0.029997975721247724
AND,2011,0.028021244226480238,0.8591968838991971,0.028313111845737232,0.028288152559462064,0.02809700380330409,0.02808360366581907
AND,2012,0.02945320066618702,0.8518792726862284,0.029743435009054617,0.029781689014493094,0.029525913962646613,0.02961648866139028
AND,2013,0.03231396176496604,0.8378005216893784,0.03252361867551394,0.03254861049656615,0.03234166988471583,0.032471617488859815
AND,2014,0.03217551748309874,0.8386449928297162,0.032303235114281126,0.032376998613550784,0.03220636488310994,0.03229289107624325
ANT,1998,0.07881221465784334,0.6053156963888586,0.0789416284964477,0.07904844422931623,0.07902248141833307,0.07885953480920098
ANT,2005,0.026689972389648795,0.8637654593591256,0.027405097780626952,0.02797654358954433,0.027143261949236264,0.027019664931818132
ANT,2006,0.03129539383565309,0.8395477043101326,0.03246840728566269,0.032773244947965366,0.031506865481448855,0.032408384139137277
ANT,2007,0.03064883043452703,0.7153617271871748,0.031111533296078152,0.16107893766358455,0.030885886425718233,0.030913084992917214
ANT,2008,0.03540079666642636,0.8201939137620499,0.03647821136474115,0.03663122512743285,0.0355153600174769,0.03578049306187271
ARE,2005,0.018328101125083512,0.9072072039324317,0.018617884045860397,0.018628049576412852,0.01844989028654409,0.018768871033667294
ARE,2007,0.5060476594352867,0.22696443059229204,0.06737111999936621,0.06305947448622315,0.06114295075803305,0.07541436472879877
ARE,2008,0.4941500651450158,0.22420132056054948,0.07017022210750255,0.06406043624540404,0.061964277076529496,0.08545367886499863
ARE,2012,0.01305521978236397,0.9343474466972838,0.013201382016066689,0.01319177835420701,0.01310312693583712,0.013101046214241427
ARE,2013,0.012394425072931552,0.9375280059231622,0.012632515804753327,0.012560629685998791,0.012443210644667657,0.012441212868486455
ARE,2014,0.3771609421015664,0.4328154390322339,0.046106625593713216,0.04501014171156963,0.04427158648585711,0.054635265075059794
ARE,2015,0.3278003282016247,0.423373610206901,0.04344682126861677,0.041495124608719146,0.04082581109122606,0.12305830462291228
ARE,2016,0.30840010750681685,0.4294909097284804,0.043497125609156896,0.04175306589598057,0.04109730192540567,0.13576148933415963
ARG,1996,0.022876781902663547,0.49248660349006823,0.023534224191964326,0.023154673296162727,0.4146733059288061,0.023274411190334986
ARG,1997,0.02286726310635954,0.5589090884468401,0.023426379711008232,0.02316442694288421,0.34834936035374403,0.023283481439163832
ARG,1998,0.02120179981571321,0.6141258364112483,0.021547056072217498,0.021507406151054478,0.30023270314222184,0.021385198407544524
ARG,1999,0.021488744622562415,0.6163778334621256,0.021699266081287586,0.021634898684108343,0.29721395183750476,0.021585305312411224
ARG,2000,0.02368554910094732,0.4819404094071664,0.02337296108794973,0.023553998206577925,0.42392374700812935,0.023523335189229277
ARG,2001,0.02395819185882461,0.5726534341058406,0.023362805719626345,0.023571508548344385,0.3329057403925479,0.023548319374816225
ARG,2002,0.01945899206160971,0.6792994605089696,0.018965777056038854,0.019240146943876664,0.24392128664783744,0.019114336781667848
ARG,2003,0.01925172884154033,0.6757405503502373,0.01863837931128413,0.01883071798614044,0.24879479342390656,0.0187438300868912
ARG,2004,0.01894839041542349,0.7080428240106172,0.018360448852799784,0.018663350150440336,0.21749463094709515,0.01849035562362384
ARG,2005,0.01948115515523719,0.7252026321833961,0.01895284995860582,0.019154699887548397,0.19817266296420716,0.019035999851005254
ARG,2006,0.019857572784346866,0.7276307133961496,0.01930741127490209,0.019300806745919937,0.19459594491345283,0.019307550885228744
ARG,2007,0.044037827199380576,0.35135154610953817,0.03115358733139165,0.031247929700652863,0.5110414782791586,0.031167631379878085
ARG,2008,0.03692290589305285,0.3518165901990731,0.03042226944896895,0.030507888564101665,0.51979435023547,0.030535995659333483
ARG,2009,0.019235733913523147,0.7015886425417105,0.019102182879786257,0.01910971711032203,0.2217645598395772,0.019199163715080816
ARG,2010,0.016412205201007928,0.6877013838251292,0.016326234571837375,0.016413030487739826,0.24668440590050433,0.016462740013781254
ARG,2011,0.016431737464433716,0.6877153643167581,0.01645997680662434,0.016519650189792096,0.24627180690253936,0.016601464319852263
ARG,2012,0.015825383431239917,0.7072598053609251,0.015880386995728,0.015966090590838748,0.2290549736343379,0.016013359986930268
ARG,2013,0.016733165593218982,0.7112332436774719,0.01678024150991209,0.016970798745807963,0.2214342660789221,0.016848284394666888
ARG,2014,0.036684942741800335,0.35198430478036336,0.032266546602767586,0.0324161935841618,0.5144037247372736,0.032244287553633406
ARG,2015,0.035449296509903555,0.2947552222456649,0.03453086668597188,0.03466310179276899,0.5660567048510413,0.03454480791464944
ARG,2016,0.03447339483385877,0.29396511347341886,0.03345797750699589,0.033730144312145494,0.5705459706564189,0.03382739921716208
ARG,2017,0.03252656155287061,0.32391637937160744,0.03190462916263753,0.032014476161072544,0.5476366014308942,0.032001352320917574
ARM,1997,0.04035805663553078,0.5341639541077254,0.040623634426281016,0.04103377132271162,0.040470964377080164,0.30334961913067104
ARM,1999,0.052098341081161424,0.3747481509426887,0.05265042968492891,0.05341882752648816,0.05260194141011805,0.4144823093546147
ARM,2000,0.04922733693264439,0.4113946640493821,0.049589244785370426,0.050733229272328484,0.0495921816903727,0.3894633432699019
ARM,2001,0.04278613900595853,0.47737751707618037,0.04328783971078488,0.04405304993387767,0.04294771080097513,0.34954774347222334
ARM,2002,0.054917097357096406,0.31762934103806695,0.055723200185158916,0.0571836633199657,0.05520300906903019,0.459343689030682
ARM,2003,0.056529017856941456,0.3156565520190092,0.057126491997807234,0.05911492015611819,0.05744586232619552,0.45412715564392847
ARM,2004,0.048571589692569056,0.059910366552863074,0.047861006034583466,0.38758018063489524,0.05558486634376892,0.4004919907413203
ARM,2005,0.05077297161953638,0.058103433791872876,0.050573134846134245,0.29163437956217353,0.0509300411130008,0.49798603906728217
ARM,2006,0.04674857509111799,0.04881367245822926,0.0450101595468762,0.3967386848760627,0.045172728949941385,0.41751617907777244
ARM,2007,0.04392577231515807,0.04879863617393575,0.04102218041418242,0.5055928775079064,0.0412479551601312,0.31941257842868614
ARM,2008,0.04542786898702016,0.04719811255786957,0.04137429751490069,0.5286934290880853,0.04152266639083726,0.2957836254612871
ARM,2009,0.04113635233349012,0.15674124653263116,0.0383588668322282,0.5798899257656093,0.03824759549506211,0.14562601304097914
ARM,2010,0.05918823401446958,0.0490104471057893,0.043256557718988176,0.7589189557015689,0.04367210991023311,0.04595369554895095
ARM,2011,0.05232004240102207,0.04334450561492547,0.040998975464667256,0.7791006413100897,0.04134322037710049,0.04289261483219491
ARM,2012,0.04684295958015445,0.041338728006656535,0.037263197964238166,0.7983786958476957,0.038142679341064266,0.03803373926019088
ARM,2013,0.04760015338763445,0.042502920955193056,0.03990550110836924,0.7883412566957331,0.04092081646175259,0.04072935139131759
ARM,2014,0.044497215261969,0.03975357827068559,0.03786920668174676,0.7992121759222749,0.03937749567270557,0.03929032819061824
ARM,2015,0.05268559894761301,0.04533636085243023,0.041817732078272246,0.7743305829125792,0.04323323337372101,0.042596491835384505
ARM,2016,0.043829085372446605,0.04477388929534423,0.041537566452560425,0.7848177585305,0.042536013409550565,0.04250568693959825
ARM,2017,0.04690334848496701,0.0502654891026215,0.04725309558176631,0.7593388022301724,0.04844359384336277,0.04779567075711009
ATG,1999,0.02408266928501813,0.8787825419151484,0.024206640831917942,0.02426868643841063,0.024584766725927295,0.02407469480357758
ATG,2000,0.032942285714255844,0.8345848784690977,0.03309812458541465,0.03316579604810003,0.03327688198627994,0.03293203319685171
ATG,2005,0.07015970148063727,0.12498572044667483,0.5938158880711661,0.07107496259373666,0.06995539523984771,0.07000833216793743
ATG,2007,0.0627098550403602,0.2670656552864992,0.482285815046435,0.06299647251500984,0.06247080624895225,0.06247139586274346
ATG,2009,0.07495064528226203,0.09339215414427282,0.6057462925563333,0.07629984068003191,0.07469374968581227,0.07491731765128773
ATG,2010,0.03944208284180587,0.8019362252056995,0.03965113411972197,0.03964677758343456,0.03963426636905441,0.039689513880283765
ATG,2011,0.04285669357301714,0.7839068489822776,0.04355359274290947,0.04319700909608166,0.04351323288752929,0.042972622718184854
ATG,2012,0.04747065157788135,0.7608278467932815,0.0478412068277705,0.04799126475554842,0.04827442241623539,0.04759460762928285
ATG,2013,0.05076654514589056,0.7447432358433409,0.051762637853091424,0.05102512470962744,0.051027612059777364,0.05067484438827225
ATG,2014,0.046120015685497145,0.768279585999854,0.04658969454910204,0.04645766052120592,0.046431985156420344,0.04612105808792052
ATG,2015,0.04877433087518328,0.7552682608188324,0.04924258224757851,0.04911368548354832,0.048814421706285076,0.04878671886857257
ATG,2016,0.059051468442085094,0.7044331756312989,0.05928761993471915,0.05925234495673627,0.058988357315169763,0.058987033719990783
ATG,2017,0.05140018580275125,0.7428191407599465,0.05169461726645748,0.051552809608734936,0.05127376342473879,0.05125948313737114
AUS,1996,0.014873498808481062,0.7372274796277319,0.015458448999666492,0.015171147888550987,0.17050227220556358,0.04676715247000591
AUS,1997,0.01533441001270434,0.7243245653120544,0.016019787156653073,0.015635390364104183,0.18253779203674106,0.04614805511774302
AUS,1998,0.05434227446193932,0.6522937454419588,0.016784191026474306,0.01644305799063509,0.22156061418401662,0.038576116894976024
AUS,1999,0.049706734333871794,0.6699174205544934,0.017138707047163505,0.01670406100755307,0.2049113313110948,0.04162174574582347
AUS,2000,0.015562233844137813,0.7106995879374035,0.016040999507990164,0.015899181761573004,0.16400614986682022,0.07779184708207537
AUS,2001,0.01588800482623691,0.7051625567846233,0.016432040544967358,0.016204268812688827,0.1749721964009037,0.07134093263057997
AUS,2002,0.01629783173937114,0.7082185221283847,0.016733442375192174,0.01655959381371848,0.1811851279240642,0.061005482019269384
AUS,2003,0.015080112971111432,0.7150038981609248,0.015425446955950219,0.015304722340298208,0.16714171018221435,0.07204410938950094
AUS,2004,0.014907376519520153,0.7522367899374778,0.015337791910017367,0.015156646812120023,0.12743044717616825,0.0749309476446965
AUS,2005,0.014475299149822773,0.7462997697374631,0.01497174024135607,0.014606646097294331,0.12773306039330687,0.08191348438075662
AUS,2006,0.015103061126404622,0.7539306647256776,0.01560933251942012,0.015190575874940113,0.09965952537166677,0.10050684038189069
AUS,2007,0.1806605901970225,0.30381342254842986,0.03145844810881284,0.40182754893724704,0.03274265030644748,0.04949733990204034
AUS,2008,0.24474970109956837,0.22892713408073642,0.04044838839095618,0.39557305762860023,0.041430488754084366,0.04887123004605448
AUS,2009,0.014804081794875622,0.785610592373555,0.015272181730078535,0.01504611607071174,0.09466155180943078,0.0746054762213482
AUS,2010,0.014082145064334707,0.8186893204466882,0.01465262032404679,0.014342671669966618,0.12338755066870435,0.014845691826259368
AUS,2011,0.014342928914774272,0.817105213936353,0.014670942514184566,0.014637055777787757,0.12379441607901799,0.015449442777882497
AUS,2012,0.013677059888429353,0.8235353436363775,0.014022896102859825,0.013902935647032275,0.12105069010711132,0.013811074618189525
AUS,2013,0.014529611972513989,0.7812333436060834,0.01499353001407221,0.014876381527199327,0.15881558344398244,0.015551549436148672
AUS,2014,0.20088690937453688,0.14809408950414168,0.044512369313862175,0.5156539651416064,0.04698214928964974,0.043870517376203164
AUS,2015,0.19004542256729906,0.18879789623658041,0.040190913759908665,0.49776838845785953,0.04323463426344093,0.03996274471491147
AUS,2016,0.1897626652853229,0.16180325987077712,0.04199797614358048,0.5205602246489918,0.04459638879674799,0.0412794852545798
AUS,2017,0.22778405869659918,0.12942085552995528,0.043421082193292236,0.5089006509323003,0.0474139614709708,0.04305939117688223
AUT,1996,0.012282781251900052,0.9384528563491668,0.0123057106144862,0.012342629940227435,0.012315936718238798,0.012300085125980765
AUT,1997,0.01208351501097617,0.9394486261372337,0.01211257143242023,0.012141379287109453,0.012120766606920559,0.012093141525339933
AUT,1998,0.01622456989100568,0.9187066918633503,0.016257631495714558,0.016302701944797847,0.016270978792695113,0.016237426012436607
AUT,1999,0.013274653686651393,0.9335042133771302,0.01330171504517499,0.013327859791400335,0.013309040598176291,0.013282517501466801
AUT,2000,0.013782267905433162,0.9309540153457032,0.013830387582186538,0.013835343648090451,0.013812402251257617,0.013785583267329014
AUT,2001,0.014329591212572523,0.9282260236222848,0.014359294629438583,0.014384716754837414,0.014367140723681912,0.014333233057184926
AUT,2002,0.01718629156038842,0.9138571427544832,0.01724154839886983,0.01726280429868933,0.017239650257970248,0.017212562729599
AUT,2003,0.013922165678849682,0.9303219124025616,0.01393331122670829,0.013955643263832423,0.013945845558469368,0.013921121869578626
AUT,2004,0.012653010743528223,0.9367263228038779,0.012654958138867628,0.012671744965544015,0.012653926117337821,0.012640037230844272
AUT,2005,0.011243191347230362,0.9438320688988298,0.011222997252215563,0.011250756114979076,0.011233006448958872,0.011217979937786303
AUT,2006,0.011119009405772035,0.9446003332871835,0.011068676991408339,0.011088908969583953,0.011070680723324268,0.011052390622727832
AUT,2007,0.01664794369100453,0.9171092281265061,0.016562641649755665,0.016585385821064582,0.016562761987486685,0.01653203872418235
AUT,2008,0.015360050191371478,0.9237056329142354,0.015243186482429305,0.015253332790240787,0.015233133555449044,0.015204664066273993
AUT,2009,0.011235215092622815,0.9436812191779679,0.011270214594253534,0.011288943322484554,0.0112730274488349,0.011251380363836458
AUT,2010,0.010993875007660076,0.9448707813506771,0.011042085788890214,0.011051806484425017,0.011030591868893673,0.011010859499453787
AUT,2011,0.010731300833617166,0.9461826659795484,0.010778661663987115,0.010790553549762709,0.010768745330245454,0.010748072642839248
AUT,2012,0.010979273628116688,0.9449461027030054,0.011024823983723465,0.011033157380038561,0.011022396944473436,0.01099424536064253
AUT,2013,0.010840423305965803,0.9458312117954157,0.010841696965988433,0.010844310623985762,0.010833590075968092,0.010808767232676125
AUT,2014,0.015850430915652882,0.9207368838913033,0.015868585308327986,0.0158714867229469,0.015853862251043554,0.015818750910725335
AUT,2015,0.01619030758024754,0.9190156362939919,0.016206495410695583,0.01621830667657076,0.016203464984722138,0.016165789053772243
AUT,2016,0.016451670193743332,0.9176822870672102,0.016473595726944578,0.016488446545572095,0.016471215060705632,0.0164327854058241
AZE,1999,0.2856880931416336,0.0758928229309561,0.46483247808626676,0.05667741179247007,0.05895929759659704,0.0579498964520763
AZE,2000,0.607345194569385,0.08557433806807742,0.08694749405916519,0.08196167849710365,0.0700565659022448,0.06811472890402394
AZE,2001,0.06776335059980056,0.145608927254941,0.5778882246543153,0.0686563757064236,0.06705782997136357,0.07302529181315583
AZE,2002,0.0657436374230253,0.17529503486649897,0.5611869140367485,0.06603710933233428,0.06534067756822577,0.0663966267731672
AZE,2003,0.0572529186577698,0.22312468113891726,0.5471108383528749,0.057693427985476955,0.057905976724849144,0.056912157140111934
AZE,2004,0.057241281892419095,0.16785953670267031,0.6046891259045405,0.05702074903863406,0.05700841768102571,0.056180888780710404
AZE,2005,0.053531152627873974,0.24378024127914832,0.5414519179940279,0.05444389319673858,0.05372819227856584,0.05306460262364546
AZE,2006,0.03287343365435158,0.6134145356377936,0.03416851903036708,0.2542471784069972,0.03281019404412705,0.03248613922636356
AZE,2007,0.6118402344805342,0.0876158810932848,0.07407998148604374,0.09276382007051034,0.06806739337603153,0.06563268949359535
AZE,2008,0.5901599179846051,0.08309924785949098,0.08169145118846852,0.08255568759063504,0.08156528396423166,0.08092841141256862
AZE,2009,0.25770322752460834,0.5951234752835315,0.03773875776916062,0.03724692942679208,0.03615087513430833,0.03603673486159904
AZE,2010,0.26694213888288687,0.5600457718431827,0.04310039022949869,0.04427365494707277,0.042923176407151264,0.042714867690207714
AZE,2011,0.348181278830436,0.4494673464505442,0.050343343422274006,0.052042470045416005,0.04999476200470851,0.049970799246621414
AZE,2012,0.3465078078181939,0.4523157408061881,0.04996929254983671,0.05172700892970561,0.050000499319318804,0.049479650576756844
AZE,2013,0.38252722483509394,0.4149414394964131,0.0502432870656938,0.05221965989427597,0.05022073381590112,0.049847654892622134
AZE,2014,0.5945400364367296,0.08328990011648083,0.08042045895473608,0.08293667754466327,0.08039801682018492,0.07841491012720526
AZE,2015,0.5929464208634528,0.08528317639635336,0.08088363976081192,0.08574195192646206,0.07889342971241106,0.07625138134050881
AZE,2016,0.6130438784390104,0.08424378212418071,0.07633816485625332,0.08008909866809716,0.0746554597762527,0.07162961613620569
AZE,2017,0.6007858949973072,0.08308909616793861,0.08191804345822098,0.08184327977488767,0.07753710924570964,0.07482657635593576
BDI,2003,0.06448916884586368,0.06869403022133157,0.0661234865678435,0.6712679287165566,0.06462464190354446,0.06480074374485999
BDI,2004,0.06455919029096699,0.0648801015801327,0.06636477910633445,0.6746123827710945,0.06471085679289341,0.06487268945857799
BDI,2005,0.06414420612050628,0.06488493439589554,0.06593336266108328,0.676134662551005,0.06448798497068388,0.06441484930082607
BDI,2006,0.04758881494966588,0.2158602504376774,0.589070353734571,0.052046836794953026,0.04763708447343736,0.04779665960969544
BDI,2007,0.0494855073784191,0.05300779159351002,0.05249737481965078,0.7456411826160174,0.0497755613965171,0.049592582195885575
BDI,2008,0.05645800486198438,0.058640173638193877,0.05785625770613361,0.7138295479528035,0.05657171395588991,0.05664430188499474
BDI,2009,0.05056662510547504,0.055397334804638335,0.051617798769011076,0.7408835166870622,0.050930956865219944,0.05060376776859343
BDI,2010,0.06309164116623117,0.06392546535248353,0.0636279869142523,0.6830475644516105,0.06313770227032653,0.06316963984509603
BDI,2011,0.05456878259299291,0.05625020182514323,0.05543689385726354,0.7239251466541241,0.05513217719058829,0.054686797879887894
BDI,2012,0.05686171940206983,0.05786228090238467,0.05807576199540951,0.7131761424920416,0.056971888761315155,0.057052206446779004
BDI,2013,0.06366265878866148,0.0644855640818406,0.41708508494065516,0.3269736861949019,0.06380043824314516,0.06399256775079544
BDI,2014,0.050427416885497664,0.053445782244956115,0.05103298682060596,0.7438852055761862,0.05056446819795547,0.05064414027479854
BDI,2015,0.047922591377692496,0.04874359408486219,0.048446197771512635,0.7586665536246541,0.048019718307115426,0.04820134483416316
BDI,2016,0.04947502552615169,0.05033061367197411,0.05006373193879065,0.7509197156913047,0.04949823577586845,0.04971267739591039
BDI,2017,0.04873094617499682,0.04925315437604988,0.049354040335402666,0.7549090933250222,0.04872949418377325,0.04902327160475519
BEL,1996,0.011552390288711575,0.9420223350225565,0.011638101405192332,0.011621891433561946,0.011607442836429853,0.01155783901354781
BEL,1997,0.011109019754463241,0.9450133970469157,0.010975954384794094,0.011056634426761434,0.010927991770857062,0.010917002616208336
BEL,1998,0.011082313639155197,0.9451722106377158,0.010955612503179446,0.011025161438574647,0.010905707946956366,0.01085899383441868
BEL,1999,0.010884661663745448,0.9452710823684788,0.010965348870527865,0.011042746041309665,0.010937568799143899,0.010898592256794152
BEL,2000,0.010853487508532416,0.947162172708742,0.010495818272093053,0.010569207869102327,0.010480699134443227,0.010438614507087069
BEL,2001,0.010535630714654283,0.9471134225992612,0.010582794011318323,0.010653983669109359,0.010580135477261604,0.010534033528395144
BEL,2002,0.010072205642239896,0.9503959982861737,0.00988083191117021,0.009938663528097106,0.009880384993591399,0.00983191563872788
BEL,2003,0.010236037149184174,0.9502089803834936,0.009889863312746836,0.009944757461114924,0.00988243255702957,0.009837929136430907
BEL,2004,0.01015347379829264,0.9506453493125478,0.009800133615960839,0.009854060787704712,0.009790937210075025,0.009756045275418953
BEL,2005,0.009795155566931264,0.9512155445411167,0.009755425215670424,0.009783378447167822,0.009749142895112469,0.009701353334001359
BEL,2006,0.009808761154091723,0.9508660000790176,0.009830365718458996,0.009862794284972255,0.009836961352509107,0.009795117410950353
BEL,2007,0.02036554567747713,0.8999505034034874,0.01975851596845665,0.01978502143374189,0.019657824274075503,0.02048258924276154
BEL,2008,0.02019749445869709,0.9029202685557058,0.019153122471991784,0.019191502468993114,0.01902375798157423,0.019513854063038006
BEL,2009,0.00948095497581699,0.9531792897526471,0.00933495434948725,0.009399767496232912,0.009323215631511275,0.009281817794304531
BEL,2010,0.009481220337049368,0.9524943540950578,0.009503750882182395,0.009564773925690825,0.009499079943724386,0.009456820816295083
BEL,2011,0.009582470663688466,0.9521174807422403,0.009564806130179885,0.00965235539457615,0.009563257061619026,0.009519630007696053
BEL,2012,0.009458650173878636,0.9528075147319988,0.009433062187493386,0.009500137292405748,0.009419641284992127,0.009380994329231201
BEL,2013,0.009719362800417448,0.9524405739966303,0.00946186741295819,0.009498104210362427,0.00946022641568673,0.009419865163944803
BEL,2014,0.022360921609717286,0.8935058601730085,0.02094153193843596,0.020898933596505572,0.02071899452468684,0.021573758157645985
BEL,2015,0.019863092842080113,0.9029350195627182,0.01920683176220829,0.019213396118607593,0.019041447880161315,0.01974021183422447
BEL,2016,0.019283748364324355,0.9046573325694144,0.018906523344604936,0.0189074003112035,0.018745786849368007,0.01949920856108477
BEL,2017,0.019348174015618076,0.9043097927127395,0.01901337442367634,0.019011543807398824,0.018845032764825603,0.019472082275741723
BEN,1998,0.06727736470640344,0.06481266091799531,0.2625294255819157,0.06478230269468836,0.06420746061855907,0.4763907854804381
BEN,1999,0.07643708227614049,0.07379739533233767,0.6325577886342536,0.07309420680593119,0.07203470409296521,0.07207882285837189
BEN,2000,0.06840176745439133,0.07075303947586235,0.6538500709300881,0.06979208060780134,0.06867127750887213,0.06853176402298487
BEN,2001,0.06727294359543574,0.07179827677941727,0.6565814364071318,0.06866324920431882,0.06827993104699745,0.06740416296669878
BEN,2002,0.06057189461041028,0.06539831384329346,0.6869576076462733,0.06332869980452924,0.0630964939048044,0.06064699019068929
BEN,2003,0.06898157098019059,0.07287064645077677,0.6491117143317517,0.07036854404685619,0.06950574010259233,0.0691617840878323
BEN,2004,0.069485584511116,0.0719772853624259,0.6482293725059564,0.07030097951872533,0.07029293204985505,0.06971384605192144
BEN,2005,0.06318924875282311,0.06528975456378813,0.6803728750581234,0.0639208209504334,0.0638031255125737,0.06342417516225836
BEN,2006,0.05286883785651827,0.05483347879073648,0.7323375247391092,0.05365872791465691,0.05310716939446091,0.053194261304518244
BEN,2007,0.05679359013731744,0.06028397345113536,0.7079919293775719,0.05986528862497563,0.058049114623372366,0.057016103785627374
BEN,2008,0.05062477081603545,0.05293907900110483,0.7385999109919396,0.05199073206337897,0.050989362071948166,0.05485614505559301
BEN,2009,0.04692667611930275,0.05439326100032062,0.7557156482052115,0.04796125154428747,0.04781834535961381,0.04718481777126387
BEN,2010,0.04293209524513592,0.04841063682940086,0.7771102097545445,0.043878790308844645,0.044553180504110036,0.04311508735796409
BEN,2011,0.044823165662457747,0.06227810444939313,0.7580751086708655,0.04524457763442957,0.045050770476959774,0.044528273105894245
BEN,2012,0.04676135578436141,0.058985021283180755,0.7465335084243988,0.048450401516333494,0.052514930590530716,0.046754782401194815
BEN,2013,0.0517864530662227,0.0637437477569594,0.7192984343925941,0.05289619522366785,0.060288375559068505,0.05198679400148747
BEN,2014,0.044870367878145696,0.08729360631953904,0.7296048983179124,0.045249530575558375,0.04808498316045436,0.04489661374839
BEN,2015,0.05268828698988065,0.06321644649479895,0.7210561918035795,0.05349068984260574,0.0565242705924431,0.053024114276692125
BEN,2016,0.0539631086594587,0.0629814689064975,0.7038442563664864,0.055183644237847065,0.07000194233416178,0.054025579495548516
BFA,2000,0.06291209984095635,0.07880393104747169,0.6664446331958596,0.06452336890356411,0.06396853396008705,0.0633474330520612
BFA,2001,0.061106162895336075,0.07487699250471475,0.6736779607604805,0.0634217796929026,0.0649482325614007,0.06196887158516545
BFA,2002,0.06474787034713901,0.07272730944002526,0.6661647049408772,0.06608139461121566,0.06543684826922032,0.06484187239152257
BFA,2003,0.07096787059608596,0.07434806177407685,0.6402260273213848,0.071918550062628,0.0711543935560145,0.07138509668980988
BFA,2004,0.07236366174748937,0.07499956417125025,0.6330448401335438,0.07375895582491103,0.07309852601571341,0.07273445210709194
BFA,2005,0.07182850647529564,0.0806932502485072,0.6254610245403772,0.07395288686233178,0.07611717536449594,0.07194715650899228
BFA,2007,0.06808770796206443,0.07215920115876702,0.6532641808277566,0.06956329736736835,0.06852260924376498,0.06840300344027865
BFA,2008,0.05649961570323142,0.058413484684589484,0.7132881070718655,0.058088017958495254,0.05681553781098162,0.05689523677083675
BFA,2009,0.060557978285873865,0.06382368286420467,0.6917680132469046,0.06195595770661007,0.061133947726907764,0.06076042016949892
BFA,2010,0.06847923282006226,0.06980860258323836,0.6550852680825746,0.06935985512846037,0.0687218597578707,0.06854518162779376
BFA,2011,0.060854556013833126,0.06449707729022068,0.6935037638456514,0.06106332849267252,0.06061918416009075,0.05946209019753168
BFA,2012,0.0504078506324249,0.06714357425697265,0.731141177428317,0.05098785546227705,0.05027978971005285,0.05003975250995549
BFA,2013,0.052813259431898595,0.0581854607526984,0.7301130237196738,0.05349050729602521,0.05274319504591872,0.052654553753785326
BFA,2014,0.05840897701745214,0.060890897303038434,0.7004949336540127,0.0623410245204441,0.05877846294710699,0.05908570455794562
BFA,2015,0.06376670354638755,0.0679963780837651,0.6735943153083078,0.0653144572594116,0.06469881026447533,0.0646293355376527
BFA,2016,0.06404231605511818,0.06798508716828308,0.6724777809158342,0.06579755507292136,0.06443194146050091,0.06526531932734214
BGD,2002,0.033788753313624374,0.03417695630071749,0.03382022323945635,0.8306146122232295,0.033907905170923416,0.03369154975204872
BGD,2003,0.03460023445043516,0.034908682007126546,0.034540870482116216,0.8269064900432636,0.0346003418854206,0.03444338113163798
BGD,2004,0.03284587290065511,0.033306916515014405,0.03286316104395791,0.835413053224902,0.0328931917533,0.03267780456217071
BGD,2005,0.03260831655427769,0.03312160462324124,0.03262598718970705,0.8367414392647177,0.03255077730580001,0.032351875062256445
BGD,2006,0.031117313256091118,0.03184359058187594,0.031146651026484624,0.8437815128915361,0.03114510776565418,0.030965824478357967
BGD,2007,0.03377043621884425,0.03475753523209397,0.03394681191649977,0.829972268666771,0.03387631766818631,0.033676630297604794
BGD,2008,0.03771743634885333,0.03817713365246443,0.03757919682623309,0.8114902871685179,0.037609089904519485,0.03742685609941172
BGD,2009,0.027978442172128533,0.028443764341725755,0.028070890651394717,0.8598857271133223,0.027906485865175346,0.027714689856253343
BGD,2010,0.02779364249406914,0.028294207608521117,0.027786389070367887,0.8607343304531834,0.027777778884320516,0.02761365148953794
BGD,2011,0.024714810021507577,0.025329907341613046,0.024695179586532504,0.8758675291525269,0.02479453889063369,0.02459803500718627
BGD,2012,0.024227941968700553,0.025206044163956984,0.024332180391673425,0.8777487461004673,0.02431908361010853,0.0241660037650932
BGD,2013,0.024098064752937395,0.02494975296154415,0.02414098998643343,0.8785070358511488,0.024234595176116914,0.024069561271819268
BGD,2015,0.03808920455207728,0.03872540195119579,0.03814361839516635,0.8088410106902723,0.03813044192457785,0.03807032248671037
BGR,1996,0.01920196349780324,0.9032233353849247,0.01944353564109771,0.01950617399150533,0.01932424293601432,0.019300748548655024
BGR,1997,0.020366775561410377,0.8867830181242513,0.020581337159420385,0.020675494189969636,0.020463445983731524,0.031129928981216616
BGR,1998,0.01805959268927374,0.9089191099468692,0.018215576689593508,0.018417550766345506,0.0181872221302809,0.018200947777637286
BGR,1999,0.01830814802149014,0.7239128299868437,0.018447924690761695,0.20255908567341235,0.018408905679349948,0.018363105948142177
BGR,2000,0.02393858734882179,0.6533809429763511,0.024193691209833928,0.2505409056914918,0.023987771269844717,0.023958101503656758
BGR,2001,0.020702214439474485,0.6579801774693457,0.02087243193717403,0.258979657750626,0.02076957226606427,0.020695946137315523
BGR,2002,0.017950251309109422,0.693765072493066,0.01807314857181811,0.23419619970188865,0.018047717037084653,0.017967610887033213
BGR,2003,0.01824893513510251,0.6755539898689232,0.018358807111333256,0.2512353176202487,0.0183431121318087,0.018259838132583535
BGR,2004,0.02049499818575244,0.6977010225685016,0.02065301864764101,0.22003356113286815,0.020598076684195228,0.020519322781041353
BGR,2005,0.01890283852546535,0.7728785174558507,0.018940337535627214,0.15125654142833228,0.019047130728358716,0.018974634326366053
BGR,2006,0.01572213579529473,0.8176844987943475,0.01575430756395453,0.1191908627227131,0.01585881731301724,0.01578937781067326
BGR,2007,0.02426948744543308,0.8777045717751449,0.024531402701054854,0.02475891588265198,0.02438091881509831,0.02435470338061682
BGR,2008,0.025336483146458942,0.8724701975463607,0.02561456091450417,0.025770459803008277,0.025379739247870268,0.025428559341797677
BGR,2009,0.017743398720498103,0.9105535408293307,0.01775893688009386,0.01813842817473707,0.017852019712527194,0.01795367568281324
BGR,2010,0.014664054809195307,0.9261959100036528,0.01470689001429705,0.014887742052211104,0.014769616592005897,0.014775786528637896
BGR,2011,0.01574350897354609,0.9207687729752125,0.015793382609447168,0.01599792096195717,0.01583896507266519,0.015857449407171768
BGR,2012,0.01485263278232318,0.925016674703903,0.014898201111437134,0.015289474056736793,0.014984729667462223,0.014958287678137543
BGR,2013,0.01616900485027612,0.9184065522351168,0.01620474351967089,0.016618061039259273,0.0163205070133394,0.01628113134233748
BGR,2014,0.021488942296468985,0.8916941560501697,0.021710002367800466,0.021972950264775356,0.02157888624304196,0.02155506277774363
BGR,2015,0.01953691369154381,0.9015207266527436,0.019712081068687336,0.01997297831075901,0.0196468663827516,0.019610433893514745
BGR,2016,0.018143444304119894,0.9085724904588146,0.018287701841823777,0.01853718935695473,0.018245086953657022,0.018214087084629918
BGR,2017,0.018837919233482724,0.9051179771152852,0.018958649975419586,0.019241055040410147,0.018941638837515835,0.018902759797886637
BHR,2002,0.05031244763067342,0.7490698258694306,0.049833542964176,0.05112469943684071,0.04991391420371729,0.04974556989516209
BHR,2003,0.05109779692181355,0.7463438803247884,0.050496777226261995,0.05123488897134749,0.0505034775221626,0.05032317903362575
BHR,2004,0.05146370434040379,0.7448276173139362,0.05073254133157794,0.05145512225898374,0.050880631425542264,0.05064038332955611
